         0          1   0.295659   0.456384
      0.01   0.999022   0.288874   0.448159
      0.02   0.998788   0.290505   0.450096
      0.03    0.99871   0.295495   0.456054
      0.04   0.998514   0.315107   0.479041
      0.05   0.998397   0.333488   0.499974
      0.06   0.997145   0.363952   0.533266
      0.07   0.993743   0.387054   0.557116
      0.08    0.98776   0.416689   0.586121
      0.09   0.976654   0.436068   0.602932
       0.1   0.957727   0.469219   0.629854
      0.11   0.931331   0.506845   0.656443
      0.12   0.902863   0.532258   0.669708
      0.13   0.856405   0.577389   0.689749
      0.14   0.818004    0.60488   0.695481
      0.15    0.75438   0.639974   0.692483
      0.16   0.703074   0.662974   0.682435
      0.17    0.65341   0.688654   0.670569
      0.18   0.612467   0.697432   0.652194
      0.19   0.520257   0.712798   0.601495
       0.2   0.480721     0.7215   0.576999
      0.21   0.400555   0.717884   0.514203
      0.22   0.326998   0.739884   0.453547
      0.23   0.277882       0.75   0.405516
      0.24   0.216135   0.771313   0.337653
      0.25   0.186063      0.768   0.299553
      0.26   0.125176    0.73774   0.214035
      0.27   0.104607   0.709184    0.18232
      0.28  0.0762162   0.627306   0.135919
      0.29  0.0510324       0.55  0.0933987
       0.3  0.0212733   0.636364  0.0411702
      0.31  0.0102065   0.608696  0.0200763
      0.32 0.00617863   0.846154  0.0122677
      0.33 0.00129047          1 0.00257762
      0.34 0.00101674          1 0.00203141
      0.35 0.00101674          1 0.00203141
      0.36          0          0          0
      0.37          0          0          0
      0.38          0          0          0
      0.39          0          0          0
       0.4          0          0          0
      0.41          0          0          0
      0.42          0          0          0
      0.43          0          0          0
      0.44          0          0          0
      0.45          0          0          0
      0.46          0          0          0
      0.47          0          0          0
      0.48          0          0          0
      0.49          0          0          0
       0.5          0          0          0
      0.51          0          0          0
      0.52          0          0          0
      0.53          0          0          0
      0.54          0          0          0
      0.55          0          0          0
      0.56          0          0          0
      0.57          0          0          0
      0.58          0          0          0
      0.59          0          0          0
       0.6          0          0          0
      0.61          0          0          0
      0.62          0          0          0
      0.63          0          0          0
      0.64          0          0          0
      0.65          0          0          0
      0.66          0          0          0
      0.67          0          0          0
      0.68          0          0          0
      0.69          0          0          0
       0.7          0          0          0
      0.71          0          0          0
      0.72          0          0          0
      0.73          0          0          0
      0.74          0          0          0
      0.75          0          0          0
      0.76          0          0          0
      0.77          0          0          0
      0.78          0          0          0
      0.79          0          0          0
       0.8          0          0          0
      0.81          0          0          0
      0.82          0          0          0
      0.83          0          0          0
      0.84          0          0          0
      0.85          0          0          0
      0.86          0          0          0
      0.87          0          0          0
      0.88          0          0          0
      0.89          0          0          0
       0.9          0          0          0
      0.91          0          0          0
      0.92          0          0          0
      0.93          0          0          0
      0.94          0          0          0
      0.95          0          0          0
      0.96          0          0          0
      0.97          0          0          0
      0.98          0          0          0
      0.99          0          0          0
