         0          1   0.296598   0.457502
      0.01    0.99789   0.389941   0.560758
      0.02   0.993471    0.47181   0.639781
      0.03    0.98961   0.490286   0.655711
      0.04    0.98336   0.520022   0.680291
      0.05   0.975637   0.539156   0.694511
      0.06   0.959952   0.565622   0.711824
      0.07   0.945024    0.58194   0.720315
      0.08   0.910549   0.605269   0.727168
      0.09   0.886982   0.625392   0.733564
       0.1   0.832962    0.64934   0.729778
      0.11   0.767436   0.666794   0.713584
      0.12   0.727707   0.682307   0.704276
      0.13   0.665605   0.694699   0.679841
      0.14   0.617317    0.70057   0.656314
      0.15   0.533877   0.694573   0.603715
      0.16   0.493113   0.695701   0.577145
      0.17    0.42918   0.682712   0.527041
      0.18   0.401672   0.670748   0.502454
      0.19   0.365207   0.657403    0.46956
       0.2   0.338137   0.638554   0.442143
      0.21    0.29797   0.624352   0.403412
      0.22   0.245064   0.600156   0.348019
      0.23   0.229299   0.574122   0.327713
      0.24   0.191959   0.510204   0.278961
      0.25    0.17297   0.454229   0.250536
      0.26   0.140525   0.357644   0.201771
      0.27   0.120104   0.304615    0.17228
      0.28   0.077508   0.180147   0.108384
      0.29  0.0428344   0.106472  0.0610913
       0.3  0.0142914  0.0736842  0.0239396
      0.31 0.00250796   0.038961 0.00471257
      0.32 0.00250796   0.041958 0.00473302
      0.33 0.00250796  0.0393701 0.00471553
      0.34 0.00250796  0.0384615 0.00470887
      0.35 0.00250796  0.0322581 0.00465408
      0.36          0          0          0
      0.37          0          0          0
      0.38          0          0          0
      0.39          0          0          0
       0.4          0          0          0
      0.41          0          0          0
      0.42          0          0          0
      0.43          0          0          0
      0.44          0          0          0
      0.45          0          0          0
      0.46          0          0          0
      0.47          0          0          0
      0.48          0          0          0
      0.49          0          0          0
       0.5          0          0          0
      0.51          0          0          0
      0.52          0          0          0
      0.53          0          0          0
      0.54          0          0          0
      0.55          0          0          0
      0.56          0          0          0
      0.57          0          0          0
      0.58          0          0          0
      0.59          0          0          0
       0.6          0          0          0
      0.61          0          0          0
      0.62          0          0          0
      0.63          0          0          0
      0.64          0          0          0
      0.65          0          0          0
      0.66          0          0          0
      0.67          0          0          0
      0.68          0          0          0
      0.69          0          0          0
       0.7          0          0          0
      0.71          0          0          0
      0.72          0          0          0
      0.73          0          0          0
      0.74          0          0          0
      0.75          0          0          0
      0.76          0          0          0
      0.77          0          0          0
      0.78          0          0          0
      0.79          0          0          0
       0.8          0          0          0
      0.81          0          0          0
      0.82          0          0          0
      0.83          0          0          0
      0.84          0          0          0
      0.85          0          0          0
      0.86          0          0          0
      0.87          0          0          0
      0.88          0          0          0
      0.89          0          0          0
       0.9          0          0          0
      0.91          0          0          0
      0.92          0          0          0
      0.93          0          0          0
      0.94          0          0          0
      0.95          0          0          0
      0.96          0          0          0
      0.97          0          0          0
      0.98          0          0          0
      0.99          0          0          0
