         0          1   0.168956   0.289072
      0.01          1   0.196481   0.328431
      0.02   0.998605   0.252799   0.403461
      0.03   0.991549   0.271361   0.426108
      0.04   0.964227   0.288681   0.444333
      0.05   0.948884   0.299846   0.455693
      0.06   0.935346    0.31601   0.472414
      0.07   0.912291    0.32624   0.480611
      0.08   0.882918   0.339724   0.490657
      0.09   0.862898   0.351264   0.499283
       0.1   0.813177   0.366354   0.505134
      0.11   0.737036   0.368549   0.491385
      0.12   0.689531    0.36668   0.478763
      0.13   0.629061   0.355676    0.45442
      0.14   0.597637   0.351415   0.442586
      0.15   0.537824    0.34663   0.421561
      0.16   0.505415   0.341099   0.407309
      0.17   0.453233   0.332912   0.383865
      0.18   0.398261    0.30999   0.348625
      0.19    0.32893   0.301697   0.314726
       0.2   0.287086    0.29672   0.291823
      0.21   0.212176   0.284258   0.242984
      0.22   0.148425   0.276867    0.19325
      0.23   0.107483   0.294278   0.157456
      0.24  0.0594847   0.247475  0.0959147
      0.25  0.0329012   0.216667  0.0571275
      0.26  0.0184608   0.283019  0.0346607
      0.27  0.0124713      0.375  0.0241398
      0.28  0.0112406   0.526316   0.022011
      0.29 0.00968165   0.615385  0.0190634
       0.3 0.00500492          1    0.00996
      0.31          0          0          0
      0.32          0          0          0
      0.33          0          0          0
      0.34          0          0          0
      0.35          0          0          0
      0.36          0          0          0
      0.37          0          0          0
      0.38          0          0          0
      0.39          0          0          0
       0.4          0          0          0
      0.41          0          0          0
      0.42          0          0          0
      0.43          0          0          0
      0.44          0          0          0
      0.45          0          0          0
      0.46          0          0          0
      0.47          0          0          0
      0.48          0          0          0
      0.49          0          0          0
       0.5          0          0          0
      0.51          0          0          0
      0.52          0          0          0
      0.53          0          0          0
      0.54          0          0          0
      0.55          0          0          0
      0.56          0          0          0
      0.57          0          0          0
      0.58          0          0          0
      0.59          0          0          0
       0.6          0          0          0
      0.61          0          0          0
      0.62          0          0          0
      0.63          0          0          0
      0.64          0          0          0
      0.65          0          0          0
      0.66          0          0          0
      0.67          0          0          0
      0.68          0          0          0
      0.69          0          0          0
       0.7          0          0          0
      0.71          0          0          0
      0.72          0          0          0
      0.73          0          0          0
      0.74          0          0          0
      0.75          0          0          0
      0.76          0          0          0
      0.77          0          0          0
      0.78          0          0          0
      0.79          0          0          0
       0.8          0          0          0
      0.81          0          0          0
      0.82          0          0          0
      0.83          0          0          0
      0.84          0          0          0
      0.85          0          0          0
      0.86          0          0          0
      0.87          0          0          0
      0.88          0          0          0
      0.89          0          0          0
       0.9          0          0          0
      0.91          0          0          0
      0.92          0          0          0
      0.93          0          0          0
      0.94          0          0          0
      0.95          0          0          0
      0.96          0          0          0
      0.97          0          0          0
      0.98          0          0          0
      0.99          0          0          0
