         0          1   0.337394   0.504555
      0.01   0.989902   0.345405   0.512117
      0.02   0.988233   0.357068   0.524591
      0.03   0.979376   0.367364   0.534309
      0.04   0.931282   0.385247    0.54503
      0.05   0.885071   0.394106   0.545369
      0.06   0.787172   0.410354   0.539478
      0.07   0.745539   0.425258   0.541591
      0.08   0.662573   0.454199   0.538947
      0.09   0.604938   0.473292   0.531078
       0.1   0.528304   0.506728   0.517291
      0.11   0.457404   0.544114   0.497006
      0.12   0.417098    0.56642   0.480424
      0.13    0.35912   0.586526    0.44548
      0.14    0.32151   0.604242   0.419701
      0.15   0.251337   0.668196   0.365278
      0.16   0.219118   0.718101   0.335778
      0.17    0.18232   0.770099   0.294838
      0.18   0.149972   0.772647   0.251188
      0.19   0.111591   0.879121   0.198044
       0.2   0.101408   0.965753   0.183543
      0.21  0.0822387   0.986175   0.151817
      0.22  0.0684181          1   0.128074
      0.23  0.0574644          1   0.108683
      0.24  0.0508322          1  0.0967466
      0.25  0.0383381          1  0.0738451
      0.26   0.030294          1  0.0588064
      0.27  0.0181421          1  0.0356377
      0.28  0.0146763          1  0.0289281
      0.29  0.0138205          1  0.0272643
       0.3 0.00783022          1  0.0155388
      0.31          0          0          0
      0.32          0          0          0
      0.33          0          0          0
      0.34          0          0          0
      0.35          0          0          0
      0.36          0          0          0
      0.37          0          0          0
      0.38          0          0          0
      0.39          0          0          0
       0.4          0          0          0
      0.41          0          0          0
      0.42          0          0          0
      0.43          0          0          0
      0.44          0          0          0
      0.45          0          0          0
      0.46          0          0          0
      0.47          0          0          0
      0.48          0          0          0
      0.49          0          0          0
       0.5          0          0          0
      0.51          0          0          0
      0.52          0          0          0
      0.53          0          0          0
      0.54          0          0          0
      0.55          0          0          0
      0.56          0          0          0
      0.57          0          0          0
      0.58          0          0          0
      0.59          0          0          0
       0.6          0          0          0
      0.61          0          0          0
      0.62          0          0          0
      0.63          0          0          0
      0.64          0          0          0
      0.65          0          0          0
      0.66          0          0          0
      0.67          0          0          0
      0.68          0          0          0
      0.69          0          0          0
       0.7          0          0          0
      0.71          0          0          0
      0.72          0          0          0
      0.73          0          0          0
      0.74          0          0          0
      0.75          0          0          0
      0.76          0          0          0
      0.77          0          0          0
      0.78          0          0          0
      0.79          0          0          0
       0.8          0          0          0
      0.81          0          0          0
      0.82          0          0          0
      0.83          0          0          0
      0.84          0          0          0
      0.85          0          0          0
      0.86          0          0          0
      0.87          0          0          0
      0.88          0          0          0
      0.89          0          0          0
       0.9          0          0          0
      0.91          0          0          0
      0.92          0          0          0
      0.93          0          0          0
      0.94          0          0          0
      0.95          0          0          0
      0.96          0          0          0
      0.97          0          0          0
      0.98          0          0          0
      0.99          0          0          0
