         0          1   0.223995   0.366006
      0.01   0.994003   0.242653   0.390081
      0.02   0.992455   0.246354   0.394726
      0.03   0.990972    0.25014   0.399451
      0.04   0.984523     0.2576   0.408354
      0.05   0.973883   0.262872   0.413997
      0.06   0.953569   0.276665   0.428893
      0.07   0.936029   0.290901   0.443859
      0.08   0.909718   0.313359   0.466149
      0.09    0.88057   0.330162   0.480256
       0.1   0.824982   0.358618   0.499921
      0.11   0.772296   0.390428   0.518654
      0.12   0.711743   0.404936   0.516192
      0.13   0.640807   0.418428   0.506274
      0.14   0.569227   0.421974   0.484662
      0.15   0.502096   0.421898   0.458517
      0.16   0.449797   0.415995   0.432236
      0.17   0.374283   0.401804   0.387555
      0.18   0.322435   0.379899   0.348816
      0.19   0.266654   0.349391   0.302466
       0.2   0.216031   0.320352   0.258047
      0.21   0.162443   0.284547   0.206817
      0.22   0.114787   0.275404   0.162037
      0.23   0.100406   0.259574   0.144802
      0.24  0.0817695   0.246835   0.122844
      0.25  0.0677114   0.232267   0.104855
      0.26  0.0364996   0.187994  0.0611306
      0.27  0.0268911   0.173765  0.0465745
      0.28  0.0141227   0.126733  0.0254133
      0.29 0.00586832   0.104651  0.0111134
       0.3 0.00109628       0.25 0.00218299
      0.31 0.000451409   0.333333 0.000901597
      0.32          0          0          0
      0.33          0          0          0
      0.34          0          0          0
      0.35          0          0          0
      0.36          0          0          0
      0.37          0          0          0
      0.38          0          0          0
      0.39          0          0          0
       0.4          0          0          0
      0.41          0          0          0
      0.42          0          0          0
      0.43          0          0          0
      0.44          0          0          0
      0.45          0          0          0
      0.46          0          0          0
      0.47          0          0          0
      0.48          0          0          0
      0.49          0          0          0
       0.5          0          0          0
      0.51          0          0          0
      0.52          0          0          0
      0.53          0          0          0
      0.54          0          0          0
      0.55          0          0          0
      0.56          0          0          0
      0.57          0          0          0
      0.58          0          0          0
      0.59          0          0          0
       0.6          0          0          0
      0.61          0          0          0
      0.62          0          0          0
      0.63          0          0          0
      0.64          0          0          0
      0.65          0          0          0
      0.66          0          0          0
      0.67          0          0          0
      0.68          0          0          0
      0.69          0          0          0
       0.7          0          0          0
      0.71          0          0          0
      0.72          0          0          0
      0.73          0          0          0
      0.74          0          0          0
      0.75          0          0          0
      0.76          0          0          0
      0.77          0          0          0
      0.78          0          0          0
      0.79          0          0          0
       0.8          0          0          0
      0.81          0          0          0
      0.82          0          0          0
      0.83          0          0          0
      0.84          0          0          0
      0.85          0          0          0
      0.86          0          0          0
      0.87          0          0          0
      0.88          0          0          0
      0.89          0          0          0
       0.9          0          0          0
      0.91          0          0          0
      0.92          0          0          0
      0.93          0          0          0
      0.94          0          0          0
      0.95          0          0          0
      0.96          0          0          0
      0.97          0          0          0
      0.98          0          0          0
      0.99          0          0          0
