         0          1   0.193017   0.323578
      0.01   0.980341   0.199685   0.331788
      0.02   0.978581   0.246373   0.393641
      0.03    0.96317   0.280311   0.434244
      0.04   0.894545   0.296142   0.444974
      0.05   0.844063   0.312339   0.455955
      0.06   0.774346   0.348123   0.480312
      0.07   0.734543   0.370295   0.492375
      0.08   0.654572   0.399235    0.49597
      0.09   0.585462   0.420401   0.489388
       0.1   0.551848   0.463645   0.503916
      0.11   0.509132   0.490849   0.499823
      0.12   0.478976   0.500598   0.489548
      0.13    0.43353   0.515483   0.470968
      0.14   0.395425   0.521654   0.449852
      0.15   0.375159   0.530635   0.439554
      0.16   0.362903   0.523949   0.428803
      0.17   0.308962   0.509804    0.38475
      0.18    0.26837   0.500353   0.349358
      0.19   0.231297   0.489969   0.314248
       0.2    0.21989   0.479575   0.301526
      0.21   0.201808   0.468412   0.282084
      0.22   0.182877    0.44685   0.259537
      0.23   0.174625   0.415074   0.245828
      0.24   0.137977   0.405114   0.205846
      0.25   0.125721   0.450178   0.196551
      0.26  0.0953826   0.511364   0.160776
      0.27  0.0796675   0.520295   0.138177
      0.28   0.063103   0.581699   0.113855
      0.29  0.0535162   0.923077   0.101167
       0.3  0.0228748   0.714286    0.04433
      0.31          0          0          0
      0.32          0          0          0
      0.33          0          0          0
      0.34          0          0          0
      0.35          0          0          0
      0.36          0          0          0
      0.37          0          0          0
      0.38          0          0          0
      0.39          0          0          0
       0.4          0          0          0
      0.41          0          0          0
      0.42          0          0          0
      0.43          0          0          0
      0.44          0          0          0
      0.45          0          0          0
      0.46          0          0          0
      0.47          0          0          0
      0.48          0          0          0
      0.49          0          0          0
       0.5          0          0          0
      0.51          0          0          0
      0.52          0          0          0
      0.53          0          0          0
      0.54          0          0          0
      0.55          0          0          0
      0.56          0          0          0
      0.57          0          0          0
      0.58          0          0          0
      0.59          0          0          0
       0.6          0          0          0
      0.61          0          0          0
      0.62          0          0          0
      0.63          0          0          0
      0.64          0          0          0
      0.65          0          0          0
      0.66          0          0          0
      0.67          0          0          0
      0.68          0          0          0
      0.69          0          0          0
       0.7          0          0          0
      0.71          0          0          0
      0.72          0          0          0
      0.73          0          0          0
      0.74          0          0          0
      0.75          0          0          0
      0.76          0          0          0
      0.77          0          0          0
      0.78          0          0          0
      0.79          0          0          0
       0.8          0          0          0
      0.81          0          0          0
      0.82          0          0          0
      0.83          0          0          0
      0.84          0          0          0
      0.85          0          0          0
      0.86          0          0          0
      0.87          0          0          0
      0.88          0          0          0
      0.89          0          0          0
       0.9          0          0          0
      0.91          0          0          0
      0.92          0          0          0
      0.93          0          0          0
      0.94          0          0          0
      0.95          0          0          0
      0.96          0          0          0
      0.97          0          0          0
      0.98          0          0          0
      0.99          0          0          0
