         0          1   0.230724    0.37494
      0.01   0.999323   0.230366    0.37442
      0.02   0.995938   0.225921   0.368297
      0.03   0.983331     0.2203   0.359957
      0.04   0.953799   0.215142    0.35109
      0.05   0.923083   0.214551   0.348176
      0.06   0.873837   0.217486   0.348288
      0.07   0.833982   0.220419   0.348682
      0.08   0.771366   0.229384   0.353613
      0.09   0.728296   0.236576    0.35714
       0.1   0.655102    0.24563   0.357294
      0.11   0.562786   0.253519   0.349568
      0.12    0.51777   0.258628   0.344951
      0.13   0.457522   0.267266   0.337423
      0.14   0.405906   0.269555   0.323969
      0.15   0.346928   0.271422   0.304565
      0.16   0.304028   0.270798   0.286453
      0.17   0.267473   0.271464   0.269454
      0.18   0.246573   0.278061   0.261372
      0.19   0.214757   0.276418   0.241717
       0.2   0.187764   0.273342   0.222612
      0.21   0.142918    0.27179    0.18733
      0.22  0.0928245    0.27137   0.138332
      0.23  0.0830936   0.282723   0.128438
      0.24  0.0642241   0.288828   0.105082
      0.25  0.0451853    0.30597  0.0787421
      0.26  0.0330851   0.317241  0.0599211
      0.27   0.023185   0.326531  0.0432958
      0.28  0.0198003   0.391304  0.0376933
      0.29  0.0116771   0.409091  0.0227061
       0.3 0.00668472   0.454545  0.0131757
      0.31 0.00617702      0.375  0.0121538
      0.32 0.00287697   0.333333  0.0057047
      0.33          0          0          0
      0.34          0          0          0
      0.35          0          0          0
      0.36          0          0          0
      0.37          0          0          0
      0.38          0          0          0
      0.39          0          0          0
       0.4          0          0          0
      0.41          0          0          0
      0.42          0          0          0
      0.43          0          0          0
      0.44          0          0          0
      0.45          0          0          0
      0.46          0          0          0
      0.47          0          0          0
      0.48          0          0          0
      0.49          0          0          0
       0.5          0          0          0
      0.51          0          0          0
      0.52          0          0          0
      0.53          0          0          0
      0.54          0          0          0
      0.55          0          0          0
      0.56          0          0          0
      0.57          0          0          0
      0.58          0          0          0
      0.59          0          0          0
       0.6          0          0          0
      0.61          0          0          0
      0.62          0          0          0
      0.63          0          0          0
      0.64          0          0          0
      0.65          0          0          0
      0.66          0          0          0
      0.67          0          0          0
      0.68          0          0          0
      0.69          0          0          0
       0.7          0          0          0
      0.71          0          0          0
      0.72          0          0          0
      0.73          0          0          0
      0.74          0          0          0
      0.75          0          0          0
      0.76          0          0          0
      0.77          0          0          0
      0.78          0          0          0
      0.79          0          0          0
       0.8          0          0          0
      0.81          0          0          0
      0.82          0          0          0
      0.83          0          0          0
      0.84          0          0          0
      0.85          0          0          0
      0.86          0          0          0
      0.87          0          0          0
      0.88          0          0          0
      0.89          0          0          0
       0.9          0          0          0
      0.91          0          0          0
      0.92          0          0          0
      0.93          0          0          0
      0.94          0          0          0
      0.95          0          0          0
      0.96          0          0          0
      0.97          0          0          0
      0.98          0          0          0
      0.99          0          0          0
