         0          1   0.282356    0.44037
      0.01   0.996959   0.265562   0.419407
      0.02   0.996903   0.265898   0.419819
      0.03   0.996847   0.269842   0.424715
      0.04   0.995439   0.282461   0.440054
      0.05   0.991047    0.29321   0.452534
      0.06   0.961543   0.306752   0.465121
      0.07   0.937218   0.316439   0.473131
      0.08   0.892624    0.32734   0.479017
      0.09   0.847523   0.330204   0.475247
       0.1    0.77866    0.33385   0.467332
      0.11   0.699099   0.337772   0.455478
      0.12   0.639865   0.337033   0.441511
      0.13   0.556813   0.351922   0.431269
      0.14   0.497748   0.359329   0.417361
      0.15   0.430236   0.392883   0.410712
      0.16   0.388514   0.413824    0.40077
      0.17   0.326914   0.452861   0.379716
      0.18   0.293412   0.471232   0.361646
      0.19   0.251295    0.49364   0.333047
       0.2   0.234685    0.51097   0.321642
      0.21   0.203547    0.52693   0.293658
      0.22   0.176464   0.555164   0.267804
      0.23   0.162669   0.568681   0.252975
      0.24   0.134854   0.583794   0.219097
      0.25    0.11768   0.612827   0.197445
      0.26  0.0864302   0.689394   0.153603
      0.27   0.068018    0.73262   0.124479
      0.28  0.0462838   0.778846  0.0873752
      0.29  0.0351914   0.857143  0.0676072
       0.3  0.0188063          1  0.0369183
      0.31  0.0108108          1  0.0213904
      0.32 0.00563063          1  0.0111982
      0.33          0          0          0
      0.34          0          0          0
      0.35          0          0          0
      0.36          0          0          0
      0.37          0          0          0
      0.38          0          0          0
      0.39          0          0          0
       0.4          0          0          0
      0.41          0          0          0
      0.42          0          0          0
      0.43          0          0          0
      0.44          0          0          0
      0.45          0          0          0
      0.46          0          0          0
      0.47          0          0          0
      0.48          0          0          0
      0.49          0          0          0
       0.5          0          0          0
      0.51          0          0          0
      0.52          0          0          0
      0.53          0          0          0
      0.54          0          0          0
      0.55          0          0          0
      0.56          0          0          0
      0.57          0          0          0
      0.58          0          0          0
      0.59          0          0          0
       0.6          0          0          0
      0.61          0          0          0
      0.62          0          0          0
      0.63          0          0          0
      0.64          0          0          0
      0.65          0          0          0
      0.66          0          0          0
      0.67          0          0          0
      0.68          0          0          0
      0.69          0          0          0
       0.7          0          0          0
      0.71          0          0          0
      0.72          0          0          0
      0.73          0          0          0
      0.74          0          0          0
      0.75          0          0          0
      0.76          0          0          0
      0.77          0          0          0
      0.78          0          0          0
      0.79          0          0          0
       0.8          0          0          0
      0.81          0          0          0
      0.82          0          0          0
      0.83          0          0          0
      0.84          0          0          0
      0.85          0          0          0
      0.86          0          0          0
      0.87          0          0          0
      0.88          0          0          0
      0.89          0          0          0
       0.9          0          0          0
      0.91          0          0          0
      0.92          0          0          0
      0.93          0          0          0
      0.94          0          0          0
      0.95          0          0          0
      0.96          0          0          0
      0.97          0          0          0
      0.98          0          0          0
      0.99          0          0          0
