         0          1   0.150167   0.261123
      0.01   0.994686   0.161551   0.277958
      0.02   0.984439   0.164386   0.281728
      0.03   0.975425   0.166037   0.283771
      0.04   0.956353   0.168296   0.286224
      0.05   0.943069   0.171609   0.290378
      0.06   0.897618   0.177492   0.296379
      0.07   0.859474   0.181112    0.29918
      0.08   0.766486   0.181801   0.293894
      0.09   0.704336   0.183969   0.291738
       0.1   0.583357   0.182122   0.277584
      0.11   0.492267   0.184449   0.268349
      0.12   0.430117    0.18222    0.25599
      0.13   0.344625   0.175424     0.2325
      0.14   0.308568   0.171384    0.22037
      0.15   0.232565   0.148263   0.181083
      0.16   0.205522   0.146661   0.171173
      0.17   0.162065   0.145094   0.153111
      0.18   0.155233   0.144791    0.14983
      0.19   0.135876   0.143065   0.139378
       0.2   0.121643   0.138911   0.129705
      0.21   0.102192   0.125124   0.112501
      0.22  0.0926084   0.123153   0.105719
      0.23  0.0808426   0.125554  0.0983554
      0.24  0.0646171   0.128458  0.0859831
      0.25  0.0521871   0.133166  0.0749871
      0.26  0.0376696   0.146617  0.0599393
      0.27  0.0269475   0.152047  0.0457812
      0.28    0.02078   0.174757  0.0371433
      0.29  0.0111965   0.245614  0.0214167
       0.3   0.010817   0.423077  0.0210946
      0.31   0.010817   0.363636   0.021009
      0.32 0.00967834   0.666667  0.0190797
      0.33          0          0          0
      0.34          0          0          0
      0.35          0          0          0
      0.36          0          0          0
      0.37          0          0          0
      0.38          0          0          0
      0.39          0          0          0
       0.4          0          0          0
      0.41          0          0          0
      0.42          0          0          0
      0.43          0          0          0
      0.44          0          0          0
      0.45          0          0          0
      0.46          0          0          0
      0.47          0          0          0
      0.48          0          0          0
      0.49          0          0          0
       0.5          0          0          0
      0.51          0          0          0
      0.52          0          0          0
      0.53          0          0          0
      0.54          0          0          0
      0.55          0          0          0
      0.56          0          0          0
      0.57          0          0          0
      0.58          0          0          0
      0.59          0          0          0
       0.6          0          0          0
      0.61          0          0          0
      0.62          0          0          0
      0.63          0          0          0
      0.64          0          0          0
      0.65          0          0          0
      0.66          0          0          0
      0.67          0          0          0
      0.68          0          0          0
      0.69          0          0          0
       0.7          0          0          0
      0.71          0          0          0
      0.72          0          0          0
      0.73          0          0          0
      0.74          0          0          0
      0.75          0          0          0
      0.76          0          0          0
      0.77          0          0          0
      0.78          0          0          0
      0.79          0          0          0
       0.8          0          0          0
      0.81          0          0          0
      0.82          0          0          0
      0.83          0          0          0
      0.84          0          0          0
      0.85          0          0          0
      0.86          0          0          0
      0.87          0          0          0
      0.88          0          0          0
      0.89          0          0          0
       0.9          0          0          0
      0.91          0          0          0
      0.92          0          0          0
      0.93          0          0          0
      0.94          0          0          0
      0.95          0          0          0
      0.96          0          0          0
      0.97          0          0          0
      0.98          0          0          0
      0.99          0          0          0
