         0          1   0.253826   0.404882
      0.01   0.994528   0.263257   0.416314
      0.02   0.992613   0.287786   0.446205
      0.03   0.986102   0.299086   0.458967
      0.04   0.965912   0.317313   0.477697
      0.05   0.948293   0.330687   0.490372
      0.06   0.898391   0.354956    0.50886
      0.07   0.838914     0.3643      0.508
      0.08   0.752736   0.380658   0.505623
      0.09   0.704202   0.391373   0.503125
       0.1   0.642208   0.410173   0.500611
      0.11   0.571843   0.432432   0.492461
      0.12   0.525498    0.44294     0.4807
      0.13   0.431659   0.460144   0.445446
      0.14   0.375192   0.484457    0.42288
      0.15     0.3051   0.505716   0.380589
      0.16   0.270683   0.528239   0.357946
      0.17   0.212738   0.559364   0.308244
      0.18   0.177938   0.572358   0.271478
      0.19    0.13898    0.60401   0.225966
       0.2   0.105439   0.595238   0.179144
      0.21  0.0657146   0.560976   0.117648
      0.22   0.033979   0.542169  0.0639501
      0.23  0.0222696   0.535714  0.0427617
      0.24  0.0120376   0.517241  0.0235277
      0.25 0.00776975   0.428571  0.0152628
      0.26 0.00607354        0.4  0.0119654
      0.27          0          0          0
      0.28          0          0          0
      0.29          0          0          0
       0.3          0          0          0
      0.31          0          0          0
      0.32          0          0          0
      0.33          0          0          0
      0.34          0          0          0
      0.35          0          0          0
      0.36          0          0          0
      0.37          0          0          0
      0.38          0          0          0
      0.39          0          0          0
       0.4          0          0          0
      0.41          0          0          0
      0.42          0          0          0
      0.43          0          0          0
      0.44          0          0          0
      0.45          0          0          0
      0.46          0          0          0
      0.47          0          0          0
      0.48          0          0          0
      0.49          0          0          0
       0.5          0          0          0
      0.51          0          0          0
      0.52          0          0          0
      0.53          0          0          0
      0.54          0          0          0
      0.55          0          0          0
      0.56          0          0          0
      0.57          0          0          0
      0.58          0          0          0
      0.59          0          0          0
       0.6          0          0          0
      0.61          0          0          0
      0.62          0          0          0
      0.63          0          0          0
      0.64          0          0          0
      0.65          0          0          0
      0.66          0          0          0
      0.67          0          0          0
      0.68          0          0          0
      0.69          0          0          0
       0.7          0          0          0
      0.71          0          0          0
      0.72          0          0          0
      0.73          0          0          0
      0.74          0          0          0
      0.75          0          0          0
      0.76          0          0          0
      0.77          0          0          0
      0.78          0          0          0
      0.79          0          0          0
       0.8          0          0          0
      0.81          0          0          0
      0.82          0          0          0
      0.83          0          0          0
      0.84          0          0          0
      0.85          0          0          0
      0.86          0          0          0
      0.87          0          0          0
      0.88          0          0          0
      0.89          0          0          0
       0.9          0          0          0
      0.91          0          0          0
      0.92          0          0          0
      0.93          0          0          0
      0.94          0          0          0
      0.95          0          0          0
      0.96          0          0          0
      0.97          0          0          0
      0.98          0          0          0
      0.99          0          0          0
