         0          1   0.418411   0.589971
      0.01   0.996993    0.43734   0.607983
      0.02   0.994019   0.464855   0.633467
      0.03   0.993607   0.484153   0.651063
      0.04   0.991677   0.516149   0.678929
      0.05   0.989936    0.53402   0.693781
      0.06   0.986676   0.550747   0.706909
      0.07   0.982974   0.556804   0.710913
      0.08   0.975631   0.566304   0.716637
      0.09   0.965694   0.574596   0.720493
       0.1   0.943003   0.601592   0.734565
      0.11   0.911355   0.665921   0.769542
      0.12   0.870973   0.700367   0.776408
      0.13   0.791189   0.743402   0.766551
      0.14   0.728717   0.765283   0.746552
      0.15   0.659029   0.790116   0.718643
      0.16   0.615704   0.807752   0.698772
      0.17   0.539623   0.829508   0.653877
      0.18   0.518672   0.837682   0.640662
      0.19   0.483765   0.842094   0.614508
       0.2   0.459396   0.846517   0.595578
      0.21   0.432749   0.851467   0.573847
      0.22   0.407019   0.868739   0.554327
      0.23   0.388569   0.897436   0.542324
      0.24   0.356415   0.922319   0.514147
      0.25   0.338123   0.920067   0.494513
      0.26   0.311222   0.920896    0.46522
      0.27   0.289544   0.912281   0.439574
      0.28   0.237199   0.898975   0.375357
      0.29   0.202544   0.897485   0.330501
       0.3    0.12754   0.969758   0.225431
      0.31  0.0760491   0.963134   0.140967
      0.32  0.0423445   0.938931  0.0810344
      0.33  0.0163618   0.973684  0.0321828
      0.34  0.0085132   0.952381  0.0168755
      0.35 0.000538009          1 0.00107544
      0.36 0.000443066          1 0.00088574
      0.37          0          0          0
      0.38          0          0          0
      0.39          0          0          0
       0.4          0          0          0
      0.41          0          0          0
      0.42          0          0          0
      0.43          0          0          0
      0.44          0          0          0
      0.45          0          0          0
      0.46          0          0          0
      0.47          0          0          0
      0.48          0          0          0
      0.49          0          0          0
       0.5          0          0          0
      0.51          0          0          0
      0.52          0          0          0
      0.53          0          0          0
      0.54          0          0          0
      0.55          0          0          0
      0.56          0          0          0
      0.57          0          0          0
      0.58          0          0          0
      0.59          0          0          0
       0.6          0          0          0
      0.61          0          0          0
      0.62          0          0          0
      0.63          0          0          0
      0.64          0          0          0
      0.65          0          0          0
      0.66          0          0          0
      0.67          0          0          0
      0.68          0          0          0
      0.69          0          0          0
       0.7          0          0          0
      0.71          0          0          0
      0.72          0          0          0
      0.73          0          0          0
      0.74          0          0          0
      0.75          0          0          0
      0.76          0          0          0
      0.77          0          0          0
      0.78          0          0          0
      0.79          0          0          0
       0.8          0          0          0
      0.81          0          0          0
      0.82          0          0          0
      0.83          0          0          0
      0.84          0          0          0
      0.85          0          0          0
      0.86          0          0          0
      0.87          0          0          0
      0.88          0          0          0
      0.89          0          0          0
       0.9          0          0          0
      0.91          0          0          0
      0.92          0          0          0
      0.93          0          0          0
      0.94          0          0          0
      0.95          0          0          0
      0.96          0          0          0
      0.97          0          0          0
      0.98          0          0          0
      0.99          0          0          0
