         0          1   0.223412   0.365227
      0.01   0.999437   0.230788   0.374985
      0.02   0.999437   0.238978   0.385725
      0.03   0.999437   0.245503   0.394179
      0.04   0.999226   0.256723   0.408494
      0.05   0.997256   0.264883   0.418585
      0.06    0.98628   0.278816   0.434735
      0.07   0.978119   0.290225    0.44763
      0.08   0.952368   0.302673   0.459357
      0.09    0.92338   0.315393   0.470188
       0.1   0.866882   0.329223   0.477211
      0.11   0.776965   0.338275   0.471338
      0.12   0.703581   0.340609   0.459008
      0.13    0.56575    0.33967   0.424484
      0.14   0.493562   0.348831   0.408764
      0.15   0.400127   0.368849   0.383852
      0.16    0.32604   0.386148   0.353557
      0.17   0.266517   0.405899   0.321762
      0.18   0.216773   0.403626   0.282061
      0.19   0.154999   0.411504    0.22518
       0.2    0.12573   0.407249    0.19214
      0.21   0.073876   0.370787   0.123205
      0.22  0.0445367   0.342105  0.0788132
      0.23  0.0254696   0.303922  0.0470005
      0.24  0.0142123   0.317073  0.0272052
      0.25 0.00830226   0.368421  0.0162386
      0.26 0.00189967       0.25 0.00377069
      0.27          0          0          0
      0.28          0          0          0
      0.29          0          0          0
       0.3          0          0          0
      0.31          0          0          0
      0.32          0          0          0
      0.33          0          0          0
      0.34          0          0          0
      0.35          0          0          0
      0.36          0          0          0
      0.37          0          0          0
      0.38          0          0          0
      0.39          0          0          0
       0.4          0          0          0
      0.41          0          0          0
      0.42          0          0          0
      0.43          0          0          0
      0.44          0          0          0
      0.45          0          0          0
      0.46          0          0          0
      0.47          0          0          0
      0.48          0          0          0
      0.49          0          0          0
       0.5          0          0          0
      0.51          0          0          0
      0.52          0          0          0
      0.53          0          0          0
      0.54          0          0          0
      0.55          0          0          0
      0.56          0          0          0
      0.57          0          0          0
      0.58          0          0          0
      0.59          0          0          0
       0.6          0          0          0
      0.61          0          0          0
      0.62          0          0          0
      0.63          0          0          0
      0.64          0          0          0
      0.65          0          0          0
      0.66          0          0          0
      0.67          0          0          0
      0.68          0          0          0
      0.69          0          0          0
       0.7          0          0          0
      0.71          0          0          0
      0.72          0          0          0
      0.73          0          0          0
      0.74          0          0          0
      0.75          0          0          0
      0.76          0          0          0
      0.77          0          0          0
      0.78          0          0          0
      0.79          0          0          0
       0.8          0          0          0
      0.81          0          0          0
      0.82          0          0          0
      0.83          0          0          0
      0.84          0          0          0
      0.85          0          0          0
      0.86          0          0          0
      0.87          0          0          0
      0.88          0          0          0
      0.89          0          0          0
       0.9          0          0          0
      0.91          0          0          0
      0.92          0          0          0
      0.93          0          0          0
      0.94          0          0          0
      0.95          0          0          0
      0.96          0          0          0
      0.97          0          0          0
      0.98          0          0          0
      0.99          0          0          0
