         0          1   0.176689   0.300316
      0.01   0.980275   0.167972     0.2868
      0.02   0.978302   0.170857   0.290909
      0.03   0.970658   0.175396   0.297105
      0.04   0.939015   0.178173   0.299515
      0.05   0.904414   0.180399   0.300799
      0.06   0.792143   0.181265   0.295021
      0.07   0.739788    0.18725   0.298856
      0.08   0.667872   0.203928   0.312452
      0.09   0.631955   0.215269   0.321144
       0.1   0.545492   0.243276   0.336487
      0.11   0.477768   0.278846   0.352158
      0.12   0.426317   0.302392   0.353817
      0.13   0.366237   0.328721   0.346466
      0.14   0.336648   0.347074   0.341782
      0.15   0.286759   0.366006   0.321572
      0.16   0.249527   0.378023    0.30062
      0.17   0.198323   0.381395   0.260953
      0.18   0.179091   0.391765   0.245812
      0.19    0.11786   0.373984   0.179234
       0.2  0.0838333   0.328452   0.133574
      0.21  0.0539985   0.337838  0.0931141
      0.22  0.0431495   0.489655    0.07931
      0.23  0.0378894   0.621951  0.0714274
      0.24  0.0179995   0.789474  0.0351966
      0.25  0.0117531       0.68  0.0231068
      0.26  0.0109312     0.5625  0.0214457
      0.27 0.00353415   0.333333 0.00699414
      0.28          0          0          0
      0.29          0          0          0
       0.3          0          0          0
      0.31          0          0          0
      0.32          0          0          0
      0.33          0          0          0
      0.34          0          0          0
      0.35          0          0          0
      0.36          0          0          0
      0.37          0          0          0
      0.38          0          0          0
      0.39          0          0          0
       0.4          0          0          0
      0.41          0          0          0
      0.42          0          0          0
      0.43          0          0          0
      0.44          0          0          0
      0.45          0          0          0
      0.46          0          0          0
      0.47          0          0          0
      0.48          0          0          0
      0.49          0          0          0
       0.5          0          0          0
      0.51          0          0          0
      0.52          0          0          0
      0.53          0          0          0
      0.54          0          0          0
      0.55          0          0          0
      0.56          0          0          0
      0.57          0          0          0
      0.58          0          0          0
      0.59          0          0          0
       0.6          0          0          0
      0.61          0          0          0
      0.62          0          0          0
      0.63          0          0          0
      0.64          0          0          0
      0.65          0          0          0
      0.66          0          0          0
      0.67          0          0          0
      0.68          0          0          0
      0.69          0          0          0
       0.7          0          0          0
      0.71          0          0          0
      0.72          0          0          0
      0.73          0          0          0
      0.74          0          0          0
      0.75          0          0          0
      0.76          0          0          0
      0.77          0          0          0
      0.78          0          0          0
      0.79          0          0          0
       0.8          0          0          0
      0.81          0          0          0
      0.82          0          0          0
      0.83          0          0          0
      0.84          0          0          0
      0.85          0          0          0
      0.86          0          0          0
      0.87          0          0          0
      0.88          0          0          0
      0.89          0          0          0
       0.9          0          0          0
      0.91          0          0          0
      0.92          0          0          0
      0.93          0          0          0
      0.94          0          0          0
      0.95          0          0          0
      0.96          0          0          0
      0.97          0          0          0
      0.98          0          0          0
      0.99          0          0          0
