         0          1   0.263807   0.417479
      0.01   0.998867   0.321893   0.486883
      0.02   0.998225   0.399948   0.571086
      0.03   0.997092   0.446905   0.617183
      0.04   0.993239   0.491031   0.657173
      0.05   0.986289   0.509924   0.672274
      0.06   0.951237   0.528188   0.679226
      0.07   0.912786   0.550083    0.68647
      0.08   0.872861    0.58014   0.697015
      0.09   0.837998   0.597111   0.697338
       0.1   0.781907   0.607155   0.683539
      0.11   0.707384   0.613736   0.657241
      0.12   0.650161    0.61668   0.632978
      0.13   0.443928   0.606155    0.51251
      0.14   0.305647   0.641621   0.414053
      0.15   0.251218   0.689764   0.368299
      0.16   0.231577   0.711584   0.349434
      0.17   0.219452   0.753974   0.339957
      0.18   0.207214   0.774885   0.326988
      0.19   0.191161   0.817699   0.309879
       0.2   0.187007    0.82588    0.30496
      0.21   0.171709   0.890805    0.28792
      0.22   0.158829   0.911357   0.270514
      0.23   0.155921   0.918306   0.266579
      0.24   0.138886   0.932171   0.241752
      0.25   0.128159   0.936321   0.225458
      0.26    0.10712   0.939024   0.192303
      0.27  0.0942776   0.967611   0.171815
      0.28  0.0715392   0.972603   0.133275
      0.29  0.0384891          1  0.0741253
       0.3 0.00555241          1  0.0110435
      0.31          0          0          0
      0.32          0          0          0
      0.33          0          0          0
      0.34          0          0          0
      0.35          0          0          0
      0.36          0          0          0
      0.37          0          0          0
      0.38          0          0          0
      0.39          0          0          0
       0.4          0          0          0
      0.41          0          0          0
      0.42          0          0          0
      0.43          0          0          0
      0.44          0          0          0
      0.45          0          0          0
      0.46          0          0          0
      0.47          0          0          0
      0.48          0          0          0
      0.49          0          0          0
       0.5          0          0          0
      0.51          0          0          0
      0.52          0          0          0
      0.53          0          0          0
      0.54          0          0          0
      0.55          0          0          0
      0.56          0          0          0
      0.57          0          0          0
      0.58          0          0          0
      0.59          0          0          0
       0.6          0          0          0
      0.61          0          0          0
      0.62          0          0          0
      0.63          0          0          0
      0.64          0          0          0
      0.65          0          0          0
      0.66          0          0          0
      0.67          0          0          0
      0.68          0          0          0
      0.69          0          0          0
       0.7          0          0          0
      0.71          0          0          0
      0.72          0          0          0
      0.73          0          0          0
      0.74          0          0          0
      0.75          0          0          0
      0.76          0          0          0
      0.77          0          0          0
      0.78          0          0          0
      0.79          0          0          0
       0.8          0          0          0
      0.81          0          0          0
      0.82          0          0          0
      0.83          0          0          0
      0.84          0          0          0
      0.85          0          0          0
      0.86          0          0          0
      0.87          0          0          0
      0.88          0          0          0
      0.89          0          0          0
       0.9          0          0          0
      0.91          0          0          0
      0.92          0          0          0
      0.93          0          0          0
      0.94          0          0          0
      0.95          0          0          0
      0.96          0          0          0
      0.97          0          0          0
      0.98          0          0          0
      0.99          0          0          0
