         0          1   0.181029   0.306561
      0.01   0.998923   0.182423   0.308507
      0.02   0.993968   0.189966    0.31897
      0.03   0.984597   0.194625   0.325006
      0.04   0.957992   0.203369   0.335513
      0.05   0.919539   0.208223   0.339557
      0.06   0.841663   0.216657   0.344607
      0.07   0.797717   0.221553   0.346791
      0.08   0.739983   0.231898   0.353131
      0.09   0.701206   0.238911   0.356393
       0.1   0.649181   0.249405   0.360364
      0.11    0.60642   0.267809   0.371538
      0.12   0.575075   0.280759    0.37731
      0.13   0.552456   0.308734   0.396108
      0.14   0.519604   0.326724   0.401185
      0.15   0.478996   0.356281   0.408624
      0.16   0.459823   0.383298   0.418088
      0.17   0.438389   0.418792   0.428366
      0.18   0.414261   0.435058   0.424405
      0.19   0.373115    0.47079     0.4163
       0.2   0.355666    0.48749   0.411273
      0.21   0.316135   0.506383   0.389257
      0.22   0.265618   0.517934   0.351151
      0.23   0.234597   0.529412   0.325123
      0.24   0.185911   0.539906   0.276584
      0.25   0.157368   0.550725   0.244788
      0.26   0.122146   0.558824   0.200473
      0.27  0.0998492   0.606061   0.171452
      0.28  0.0692589   0.721519   0.126386
      0.29   0.044916   0.695652  0.0843836
       0.3  0.0100172          1  0.0198358
      0.31 0.00236967          1 0.00472813
      0.32 0.00140026          1  0.0027966
      0.33          0          0          0
      0.34          0          0          0
      0.35          0          0          0
      0.36          0          0          0
      0.37          0          0          0
      0.38          0          0          0
      0.39          0          0          0
       0.4          0          0          0
      0.41          0          0          0
      0.42          0          0          0
      0.43          0          0          0
      0.44          0          0          0
      0.45          0          0          0
      0.46          0          0          0
      0.47          0          0          0
      0.48          0          0          0
      0.49          0          0          0
       0.5          0          0          0
      0.51          0          0          0
      0.52          0          0          0
      0.53          0          0          0
      0.54          0          0          0
      0.55          0          0          0
      0.56          0          0          0
      0.57          0          0          0
      0.58          0          0          0
      0.59          0          0          0
       0.6          0          0          0
      0.61          0          0          0
      0.62          0          0          0
      0.63          0          0          0
      0.64          0          0          0
      0.65          0          0          0
      0.66          0          0          0
      0.67          0          0          0
      0.68          0          0          0
      0.69          0          0          0
       0.7          0          0          0
      0.71          0          0          0
      0.72          0          0          0
      0.73          0          0          0
      0.74          0          0          0
      0.75          0          0          0
      0.76          0          0          0
      0.77          0          0          0
      0.78          0          0          0
      0.79          0          0          0
       0.8          0          0          0
      0.81          0          0          0
      0.82          0          0          0
      0.83          0          0          0
      0.84          0          0          0
      0.85          0          0          0
      0.86          0          0          0
      0.87          0          0          0
      0.88          0          0          0
      0.89          0          0          0
       0.9          0          0          0
      0.91          0          0          0
      0.92          0          0          0
      0.93          0          0          0
      0.94          0          0          0
      0.95          0          0          0
      0.96          0          0          0
      0.97          0          0          0
      0.98          0          0          0
      0.99          0          0          0
