         0          1   0.235879   0.381719
      0.01   0.995266   0.291391   0.450799
      0.02    0.98919   0.372066   0.540741
      0.03   0.979298   0.392582   0.560478
      0.04   0.945453   0.442685    0.60302
      0.05   0.906734   0.475237   0.623621
      0.06   0.844344   0.531902   0.652657
      0.07    0.77178   0.570372   0.655964
      0.08   0.706776     0.6283   0.665231
      0.09   0.644104    0.65648   0.650233
       0.1   0.580513   0.713772   0.640282
      0.11   0.517841    0.75216   0.613384
      0.12   0.455027     0.7603   0.569323
      0.13   0.377517   0.879421   0.528262
      0.14   0.308486   0.896794   0.459061
      0.15   0.249417    0.90846   0.391381
      0.16   0.202643     0.9141   0.331743
      0.17   0.176853   0.957684    0.29857
      0.18   0.150498   0.970822   0.260598
      0.19   0.118279   0.977941   0.211034
       0.2  0.0929838   0.978166   0.169824
      0.21  0.0791352      0.975   0.146389
      0.22  0.0681128   0.964286   0.127238
      0.23  0.0654278   0.968504   0.122575
      0.24  0.0527803   0.956989   0.100043
      0.25  0.0438776   0.984615  0.0840114
      0.26  0.0339857          1  0.0657373
      0.27  0.0240232          1  0.0469192
      0.28  0.0130714          1  0.0258056
      0.29  0.0130714          1  0.0258056
       0.3  0.0108811          1  0.0215279
      0.31  0.0104571          1  0.0206979
      0.32 0.00579382          1  0.0115209
      0.33          0          0          0
      0.34          0          0          0
      0.35          0          0          0
      0.36          0          0          0
      0.37          0          0          0
      0.38          0          0          0
      0.39          0          0          0
       0.4          0          0          0
      0.41          0          0          0
      0.42          0          0          0
      0.43          0          0          0
      0.44          0          0          0
      0.45          0          0          0
      0.46          0          0          0
      0.47          0          0          0
      0.48          0          0          0
      0.49          0          0          0
       0.5          0          0          0
      0.51          0          0          0
      0.52          0          0          0
      0.53          0          0          0
      0.54          0          0          0
      0.55          0          0          0
      0.56          0          0          0
      0.57          0          0          0
      0.58          0          0          0
      0.59          0          0          0
       0.6          0          0          0
      0.61          0          0          0
      0.62          0          0          0
      0.63          0          0          0
      0.64          0          0          0
      0.65          0          0          0
      0.66          0          0          0
      0.67          0          0          0
      0.68          0          0          0
      0.69          0          0          0
       0.7          0          0          0
      0.71          0          0          0
      0.72          0          0          0
      0.73          0          0          0
      0.74          0          0          0
      0.75          0          0          0
      0.76          0          0          0
      0.77          0          0          0
      0.78          0          0          0
      0.79          0          0          0
       0.8          0          0          0
      0.81          0          0          0
      0.82          0          0          0
      0.83          0          0          0
      0.84          0          0          0
      0.85          0          0          0
      0.86          0          0          0
      0.87          0          0          0
      0.88          0          0          0
      0.89          0          0          0
       0.9          0          0          0
      0.91          0          0          0
      0.92          0          0          0
      0.93          0          0          0
      0.94          0          0          0
      0.95          0          0          0
      0.96          0          0          0
      0.97          0          0          0
      0.98          0          0          0
      0.99          0          0          0
