         0          1   0.265439    0.41952
      0.01   0.996925   0.261081   0.413795
      0.02   0.992971   0.271152   0.425981
      0.03   0.986381   0.282809   0.439583
      0.04   0.967411   0.304157   0.462807
      0.05   0.953752   0.319459   0.478608
      0.06   0.932865   0.340173   0.498548
      0.07   0.909142   0.355032   0.510648
      0.08   0.854986   0.376326   0.522619
      0.09   0.836295   0.396336   0.537799
       0.1   0.797716   0.425915   0.555329
      0.11   0.747115   0.452503   0.563632
      0.12   0.701266   0.472066    0.56428
      0.13   0.637206   0.495815   0.557688
      0.14   0.593474   0.504852   0.545588
      0.15   0.531251   0.514909   0.522952
      0.16   0.462079   0.516794   0.487907
      0.17   0.379728   0.516826   0.437794
      0.18   0.325412   0.506675     0.3963
      0.19   0.255801   0.492993    0.33683
       0.2   0.215264   0.484974   0.298177
      0.21   0.165622   0.482912   0.246651
      0.22   0.107193   0.481481   0.175348
      0.23  0.0835097    0.48105   0.142314
      0.24  0.0620632   0.506224    0.11057
      0.25  0.0504812   0.512821  0.0919146
      0.26  0.0433723   0.483871  0.0796088
      0.27  0.0297935   0.445378  0.0558509
      0.28  0.0264787   0.493827  0.0502624
      0.29  0.0120612   0.511111  0.0235663
       0.3 0.00603059          1  0.0119889
      0.31 0.000279564          1 0.000558971
      0.32          0          0          0
      0.33          0          0          0
      0.34          0          0          0
      0.35          0          0          0
      0.36          0          0          0
      0.37          0          0          0
      0.38          0          0          0
      0.39          0          0          0
       0.4          0          0          0
      0.41          0          0          0
      0.42          0          0          0
      0.43          0          0          0
      0.44          0          0          0
      0.45          0          0          0
      0.46          0          0          0
      0.47          0          0          0
      0.48          0          0          0
      0.49          0          0          0
       0.5          0          0          0
      0.51          0          0          0
      0.52          0          0          0
      0.53          0          0          0
      0.54          0          0          0
      0.55          0          0          0
      0.56          0          0          0
      0.57          0          0          0
      0.58          0          0          0
      0.59          0          0          0
       0.6          0          0          0
      0.61          0          0          0
      0.62          0          0          0
      0.63          0          0          0
      0.64          0          0          0
      0.65          0          0          0
      0.66          0          0          0
      0.67          0          0          0
      0.68          0          0          0
      0.69          0          0          0
       0.7          0          0          0
      0.71          0          0          0
      0.72          0          0          0
      0.73          0          0          0
      0.74          0          0          0
      0.75          0          0          0
      0.76          0          0          0
      0.77          0          0          0
      0.78          0          0          0
      0.79          0          0          0
       0.8          0          0          0
      0.81          0          0          0
      0.82          0          0          0
      0.83          0          0          0
      0.84          0          0          0
      0.85          0          0          0
      0.86          0          0          0
      0.87          0          0          0
      0.88          0          0          0
      0.89          0          0          0
       0.9          0          0          0
      0.91          0          0          0
      0.92          0          0          0
      0.93          0          0          0
      0.94          0          0          0
      0.95          0          0          0
      0.96          0          0          0
      0.97          0          0          0
      0.98          0          0          0
      0.99          0          0          0
