         0          1    0.32957   0.495755
      0.01    0.99966    0.35273   0.521462
      0.02   0.999532   0.398319   0.569635
      0.03    0.99817   0.406563   0.577788
      0.04   0.992554   0.427787   0.597887
      0.05   0.977832   0.447793    0.61428
      0.06   0.957791    0.48624   0.645023
      0.07    0.94609   0.515168    0.66709
      0.08   0.911625   0.554589   0.689636
      0.09   0.878393    0.58124    0.69957
       0.1    0.82576   0.624735   0.711317
      0.11   0.753681    0.66198    0.70486
      0.12     0.6976   0.684015   0.690741
      0.13   0.617692    0.71904   0.664524
      0.14    0.53638    0.73436   0.619947
      0.15   0.462982   0.765328   0.576944
      0.16   0.435452   0.784205   0.559967
      0.17   0.389158   0.796344   0.522823
      0.18   0.362224   0.808679   0.500337
      0.19    0.32193   0.825705   0.463247
       0.2   0.296571   0.838591   0.438178
      0.21   0.258063   0.859903   0.396988
      0.22   0.218024   0.887597   0.350061
      0.23   0.179091   0.907496   0.299147
      0.24    0.15454   0.920998    0.26467
      0.25   0.138158   0.942356   0.240986
      0.26    0.10914   0.961131   0.196021
      0.27    0.10114      0.975   0.183269
      0.28  0.0832695   0.977654   0.153468
      0.29  0.0656965   0.983871   0.123169
       0.3  0.0441665          1  0.0845966
      0.31  0.0179134          1  0.0351963
      0.32   0.011616          1  0.0229653
      0.33          0          0          0
      0.34          0          0          0
      0.35          0          0          0
      0.36          0          0          0
      0.37          0          0          0
      0.38          0          0          0
      0.39          0          0          0
       0.4          0          0          0
      0.41          0          0          0
      0.42          0          0          0
      0.43          0          0          0
      0.44          0          0          0
      0.45          0          0          0
      0.46          0          0          0
      0.47          0          0          0
      0.48          0          0          0
      0.49          0          0          0
       0.5          0          0          0
      0.51          0          0          0
      0.52          0          0          0
      0.53          0          0          0
      0.54          0          0          0
      0.55          0          0          0
      0.56          0          0          0
      0.57          0          0          0
      0.58          0          0          0
      0.59          0          0          0
       0.6          0          0          0
      0.61          0          0          0
      0.62          0          0          0
      0.63          0          0          0
      0.64          0          0          0
      0.65          0          0          0
      0.66          0          0          0
      0.67          0          0          0
      0.68          0          0          0
      0.69          0          0          0
       0.7          0          0          0
      0.71          0          0          0
      0.72          0          0          0
      0.73          0          0          0
      0.74          0          0          0
      0.75          0          0          0
      0.76          0          0          0
      0.77          0          0          0
      0.78          0          0          0
      0.79          0          0          0
       0.8          0          0          0
      0.81          0          0          0
      0.82          0          0          0
      0.83          0          0          0
      0.84          0          0          0
      0.85          0          0          0
      0.86          0          0          0
      0.87          0          0          0
      0.88          0          0          0
      0.89          0          0          0
       0.9          0          0          0
      0.91          0          0          0
      0.92          0          0          0
      0.93          0          0          0
      0.94          0          0          0
      0.95          0          0          0
      0.96          0          0          0
      0.97          0          0          0
      0.98          0          0          0
      0.99          0          0          0
