         0          1   0.256164   0.407851
      0.01   0.997214   0.259444   0.411761
      0.02   0.997098   0.279171    0.43621
      0.03   0.996634     0.3097   0.472555
      0.04   0.994893   0.375089   0.544786
      0.05   0.982937    0.41788   0.586443
      0.06    0.97841   0.463952   0.629434
      0.07   0.976146    0.48269   0.645962
      0.08   0.957458   0.503331   0.659806
      0.09   0.935984   0.507801     0.6584
       0.1   0.902205   0.510981    0.65244
      0.11   0.862275   0.523271     0.6513
      0.12   0.840917   0.534124   0.653295
      0.13    0.80534   0.551926   0.654975
      0.14   0.765583   0.560472   0.647165
      0.15   0.676262   0.575147    0.62162
      0.16   0.620197   0.592187   0.605868
      0.17   0.551944   0.598699   0.574372
      0.18   0.504759   0.607221    0.55127
      0.19   0.461114   0.594555   0.519401
       0.2   0.419965   0.590347   0.490789
      0.21     0.3787   0.601821   0.464874
      0.22   0.345038   0.593096   0.436271
      0.23   0.316019   0.581962    0.40961
      0.24   0.259547   0.568123   0.356313
      0.25   0.220371   0.562437   0.316668
      0.26   0.155543   0.515707      0.239
      0.27   0.115206    0.46875   0.184955
      0.28  0.0930354   0.417582   0.152168
      0.29  0.0701103       0.48    0.12235
       0.3  0.0353453   0.746479  0.0674948
      0.31 0.00417876        0.5 0.00828825
      0.32 0.00330818       0.25 0.00652996
      0.33 0.00266976        0.5 0.00531116
      0.34          0          0          0
      0.35          0          0          0
      0.36          0          0          0
      0.37          0          0          0
      0.38          0          0          0
      0.39          0          0          0
       0.4          0          0          0
      0.41          0          0          0
      0.42          0          0          0
      0.43          0          0          0
      0.44          0          0          0
      0.45          0          0          0
      0.46          0          0          0
      0.47          0          0          0
      0.48          0          0          0
      0.49          0          0          0
       0.5          0          0          0
      0.51          0          0          0
      0.52          0          0          0
      0.53          0          0          0
      0.54          0          0          0
      0.55          0          0          0
      0.56          0          0          0
      0.57          0          0          0
      0.58          0          0          0
      0.59          0          0          0
       0.6          0          0          0
      0.61          0          0          0
      0.62          0          0          0
      0.63          0          0          0
      0.64          0          0          0
      0.65          0          0          0
      0.66          0          0          0
      0.67          0          0          0
      0.68          0          0          0
      0.69          0          0          0
       0.7          0          0          0
      0.71          0          0          0
      0.72          0          0          0
      0.73          0          0          0
      0.74          0          0          0
      0.75          0          0          0
      0.76          0          0          0
      0.77          0          0          0
      0.78          0          0          0
      0.79          0          0          0
       0.8          0          0          0
      0.81          0          0          0
      0.82          0          0          0
      0.83          0          0          0
      0.84          0          0          0
      0.85          0          0          0
      0.86          0          0          0
      0.87          0          0          0
      0.88          0          0          0
      0.89          0          0          0
       0.9          0          0          0
      0.91          0          0          0
      0.92          0          0          0
      0.93          0          0          0
      0.94          0          0          0
      0.95          0          0          0
      0.96          0          0          0
      0.97          0          0          0
      0.98          0          0          0
      0.99          0          0          0
