         0          1   0.382258   0.553092
      0.01   0.998568   0.445493   0.616116
      0.02   0.993557   0.507889   0.672174
      0.03   0.990766   0.523634   0.685155
      0.04   0.985254   0.537863   0.695851
      0.05   0.974158   0.544999    0.69896
      0.06   0.942518    0.55521   0.698786
      0.07   0.921615   0.563849   0.699649
      0.08   0.889008   0.576731   0.699604
      0.09   0.861699   0.581457   0.694369
       0.1   0.820717   0.589514   0.686163
      0.11   0.775654   0.600134   0.676698
      0.12   0.735066   0.607877   0.665448
      0.13   0.682344   0.623766   0.651741
      0.14   0.660904   0.638916   0.649724
      0.15   0.625756   0.660275   0.642552
      0.16   0.607287   0.676067   0.639834
      0.17   0.575217   0.703148   0.632781
      0.18   0.560578   0.716897   0.629174
      0.19   0.530191   0.744249   0.619243
       0.2   0.505458   0.766257   0.609116
      0.21   0.467519   0.798628   0.589779
      0.22   0.424067   0.825316   0.560259
      0.23   0.395433   0.840426   0.537815
      0.24   0.362576   0.860726   0.510223
      0.25   0.341387   0.867578   0.489972
      0.26    0.30019     0.8703   0.446403
      0.27   0.262393   0.866576   0.402816
      0.28   0.195175   0.868026   0.318693
      0.29   0.142382   0.840323   0.243505
       0.3  0.0688285   0.911917   0.127996
      0.31  0.0215111   0.866667  0.0419803
      0.32 0.00866173   0.766667  0.0171299
      0.33 0.00204016        0.8 0.00406994
      0.34 0.000608468          1  0.0012162
      0.35 0.000393715          1 0.00078712
      0.36          0          0          0
      0.37          0          0          0
      0.38          0          0          0
      0.39          0          0          0
       0.4          0          0          0
      0.41          0          0          0
      0.42          0          0          0
      0.43          0          0          0
      0.44          0          0          0
      0.45          0          0          0
      0.46          0          0          0
      0.47          0          0          0
      0.48          0          0          0
      0.49          0          0          0
       0.5          0          0          0
      0.51          0          0          0
      0.52          0          0          0
      0.53          0          0          0
      0.54          0          0          0
      0.55          0          0          0
      0.56          0          0          0
      0.57          0          0          0
      0.58          0          0          0
      0.59          0          0          0
       0.6          0          0          0
      0.61          0          0          0
      0.62          0          0          0
      0.63          0          0          0
      0.64          0          0          0
      0.65          0          0          0
      0.66          0          0          0
      0.67          0          0          0
      0.68          0          0          0
      0.69          0          0          0
       0.7          0          0          0
      0.71          0          0          0
      0.72          0          0          0
      0.73          0          0          0
      0.74          0          0          0
      0.75          0          0          0
      0.76          0          0          0
      0.77          0          0          0
      0.78          0          0          0
      0.79          0          0          0
       0.8          0          0          0
      0.81          0          0          0
      0.82          0          0          0
      0.83          0          0          0
      0.84          0          0          0
      0.85          0          0          0
      0.86          0          0          0
      0.87          0          0          0
      0.88          0          0          0
      0.89          0          0          0
       0.9          0          0          0
      0.91          0          0          0
      0.92          0          0          0
      0.93          0          0          0
      0.94          0          0          0
      0.95          0          0          0
      0.96          0          0          0
      0.97          0          0          0
      0.98          0          0          0
      0.99          0          0          0
