         0          1   0.173626   0.295879
      0.01   0.997672   0.216278   0.355491
      0.02   0.943151   0.470379   0.627703
      0.03   0.856131   0.546352    0.66703
      0.04   0.777066   0.558552   0.649934
      0.05   0.747478   0.557636   0.638749
      0.06   0.731471   0.564957    0.63752
      0.07    0.72012   0.566774   0.634311
      0.08   0.709061   0.563107   0.627711
      0.09   0.689853   0.559243   0.617719
       0.1   0.674816   0.553959   0.608444
      0.11   0.664338   0.552851   0.603489
      0.12   0.651824   0.554479   0.599224
      0.13   0.631839     0.5508   0.588543
      0.14   0.615347   0.560453   0.586619
      0.15   0.576542   0.554562   0.565339
      0.16   0.558498   0.551541   0.554998
      0.17   0.538708   0.572669    0.55517
      0.18   0.509022   0.609039   0.554557
      0.19   0.452367   0.713489   0.553686
       0.2   0.406868   0.889655   0.558374
      0.21   0.266589          1   0.420956
      0.22   0.156868          1   0.271195
      0.23  0.0881839          1   0.162075
      0.24  0.0448196          1  0.0857939
      0.25  0.0147458          1  0.0290631
      0.26          0          0          0
      0.27          0          0          0
      0.28          0          0          0
      0.29          0          0          0
       0.3          0          0          0
      0.31          0          0          0
      0.32          0          0          0
      0.33          0          0          0
      0.34          0          0          0
      0.35          0          0          0
      0.36          0          0          0
      0.37          0          0          0
      0.38          0          0          0
      0.39          0          0          0
       0.4          0          0          0
      0.41          0          0          0
      0.42          0          0          0
      0.43          0          0          0
      0.44          0          0          0
      0.45          0          0          0
      0.46          0          0          0
      0.47          0          0          0
      0.48          0          0          0
      0.49          0          0          0
       0.5          0          0          0
      0.51          0          0          0
      0.52          0          0          0
      0.53          0          0          0
      0.54          0          0          0
      0.55          0          0          0
      0.56          0          0          0
      0.57          0          0          0
      0.58          0          0          0
      0.59          0          0          0
       0.6          0          0          0
      0.61          0          0          0
      0.62          0          0          0
      0.63          0          0          0
      0.64          0          0          0
      0.65          0          0          0
      0.66          0          0          0
      0.67          0          0          0
      0.68          0          0          0
      0.69          0          0          0
       0.7          0          0          0
      0.71          0          0          0
      0.72          0          0          0
      0.73          0          0          0
      0.74          0          0          0
      0.75          0          0          0
      0.76          0          0          0
      0.77          0          0          0
      0.78          0          0          0
      0.79          0          0          0
       0.8          0          0          0
      0.81          0          0          0
      0.82          0          0          0
      0.83          0          0          0
      0.84          0          0          0
      0.85          0          0          0
      0.86          0          0          0
      0.87          0          0          0
      0.88          0          0          0
      0.89          0          0          0
       0.9          0          0          0
      0.91          0          0          0
      0.92          0          0          0
      0.93          0          0          0
      0.94          0          0          0
      0.95          0          0          0
      0.96          0          0          0
      0.97          0          0          0
      0.98          0          0          0
      0.99          0          0          0
