         0          1   0.331079    0.49746
      0.01   0.997968   0.316375   0.480441
      0.02   0.997968   0.316102   0.480126
      0.03   0.997885   0.315545   0.479474
      0.04    0.99776   0.314016   0.477692
      0.05   0.997387   0.312468   0.475857
      0.06   0.993862   0.309954   0.472539
      0.07   0.986604      0.308   0.469447
      0.08   0.973913   0.304844   0.464344
      0.09   0.963421   0.301776   0.459592
       0.1    0.93609   0.300895   0.455406
      0.11   0.901584   0.301596   0.451993
      0.12   0.882092   0.302671   0.450695
      0.13   0.838255   0.304878   0.447132
      0.14   0.806321   0.309887   0.447709
      0.15   0.752571   0.315789   0.444895
      0.16   0.717112   0.322294   0.444717
      0.17   0.669708   0.338122   0.449368
      0.18   0.630806   0.348245   0.448751
      0.19   0.580831   0.361635   0.445743
       0.2   0.537409   0.368486   0.437198
      0.21   0.478351   0.376033   0.421065
      0.22    0.39893   0.382571   0.390579
      0.23   0.349784   0.391126   0.369302
      0.24   0.282639    0.39208   0.328484
      0.25   0.248839   0.394278   0.305113
      0.26   0.188288   0.386018   0.253114
      0.27    0.15117   0.377565   0.215898
      0.28   0.101817   0.358621   0.158604
      0.29  0.0697993   0.318182   0.114484
       0.3  0.0331785   0.266187  0.0590027
      0.31  0.0114466   0.270833  0.0219648
      0.32   0.003857   0.166667 0.00753952
      0.33          0          0          0
      0.34          0          0          0
      0.35          0          0          0
      0.36          0          0          0
      0.37          0          0          0
      0.38          0          0          0
      0.39          0          0          0
       0.4          0          0          0
      0.41          0          0          0
      0.42          0          0          0
      0.43          0          0          0
      0.44          0          0          0
      0.45          0          0          0
      0.46          0          0          0
      0.47          0          0          0
      0.48          0          0          0
      0.49          0          0          0
       0.5          0          0          0
      0.51          0          0          0
      0.52          0          0          0
      0.53          0          0          0
      0.54          0          0          0
      0.55          0          0          0
      0.56          0          0          0
      0.57          0          0          0
      0.58          0          0          0
      0.59          0          0          0
       0.6          0          0          0
      0.61          0          0          0
      0.62          0          0          0
      0.63          0          0          0
      0.64          0          0          0
      0.65          0          0          0
      0.66          0          0          0
      0.67          0          0          0
      0.68          0          0          0
      0.69          0          0          0
       0.7          0          0          0
      0.71          0          0          0
      0.72          0          0          0
      0.73          0          0          0
      0.74          0          0          0
      0.75          0          0          0
      0.76          0          0          0
      0.77          0          0          0
      0.78          0          0          0
      0.79          0          0          0
       0.8          0          0          0
      0.81          0          0          0
      0.82          0          0          0
      0.83          0          0          0
      0.84          0          0          0
      0.85          0          0          0
      0.86          0          0          0
      0.87          0          0          0
      0.88          0          0          0
      0.89          0          0          0
       0.9          0          0          0
      0.91          0          0          0
      0.92          0          0          0
      0.93          0          0          0
      0.94          0          0          0
      0.95          0          0          0
      0.96          0          0          0
      0.97          0          0          0
      0.98          0          0          0
      0.99          0          0          0
