         0          1   0.339259   0.506637
      0.01   0.996869   0.386465   0.556995
      0.02    0.99424   0.470308   0.638558
      0.03   0.989756    0.61609   0.759449
      0.04   0.982296   0.757765   0.855544
      0.05   0.977464    0.78653   0.871664
      0.06   0.951566   0.801547   0.870137
      0.07   0.926285    0.80326   0.860397
      0.08   0.879126   0.797344    0.83624
      0.09    0.84283   0.790619    0.81589
       0.1   0.781214   0.781743   0.781478
      0.11   0.733243   0.774023   0.753082
      0.12    0.68361   0.767817   0.723271
      0.13   0.617317   0.739179   0.672774
      0.14   0.558214   0.703394   0.622451
      0.15   0.410012   0.684989   0.512974
      0.16   0.338732   0.770447   0.470574
      0.17    0.25891    0.92976   0.405031
      0.18   0.219134   0.943577   0.355669
      0.19   0.126324   0.950998   0.223023
       0.2   0.096869   0.947489   0.175768
      0.21  0.0700812   0.944118   0.130477
      0.22  0.0542714    0.93633   0.102596
      0.23   0.044685   0.927966  0.0852641
      0.24  0.0339003   0.931034  0.0654186
      0.25    0.03247       0.92  0.0627263
      0.26  0.0252029   0.917431  0.0490582
      0.27   0.019482   0.903614  0.0381417
      0.28  0.0170468      0.875   0.033442
      0.29  0.0146115      0.875  0.0287431
       0.3 0.00618477       0.75  0.0122684
      0.31  0.0040201   0.714286  0.0079952
      0.32 0.00150754        0.5 0.00300601
      0.33          0          0          0
      0.34          0          0          0
      0.35          0          0          0
      0.36          0          0          0
      0.37          0          0          0
      0.38          0          0          0
      0.39          0          0          0
       0.4          0          0          0
      0.41          0          0          0
      0.42          0          0          0
      0.43          0          0          0
      0.44          0          0          0
      0.45          0          0          0
      0.46          0          0          0
      0.47          0          0          0
      0.48          0          0          0
      0.49          0          0          0
       0.5          0          0          0
      0.51          0          0          0
      0.52          0          0          0
      0.53          0          0          0
      0.54          0          0          0
      0.55          0          0          0
      0.56          0          0          0
      0.57          0          0          0
      0.58          0          0          0
      0.59          0          0          0
       0.6          0          0          0
      0.61          0          0          0
      0.62          0          0          0
      0.63          0          0          0
      0.64          0          0          0
      0.65          0          0          0
      0.66          0          0          0
      0.67          0          0          0
      0.68          0          0          0
      0.69          0          0          0
       0.7          0          0          0
      0.71          0          0          0
      0.72          0          0          0
      0.73          0          0          0
      0.74          0          0          0
      0.75          0          0          0
      0.76          0          0          0
      0.77          0          0          0
      0.78          0          0          0
      0.79          0          0          0
       0.8          0          0          0
      0.81          0          0          0
      0.82          0          0          0
      0.83          0          0          0
      0.84          0          0          0
      0.85          0          0          0
      0.86          0          0          0
      0.87          0          0          0
      0.88          0          0          0
      0.89          0          0          0
       0.9          0          0          0
      0.91          0          0          0
      0.92          0          0          0
      0.93          0          0          0
      0.94          0          0          0
      0.95          0          0          0
      0.96          0          0          0
      0.97          0          0          0
      0.98          0          0          0
      0.99          0          0          0
