         0          1   0.310743   0.474148
      0.01   0.997834   0.327089   0.492678
      0.02   0.997273   0.361181   0.530303
      0.03   0.990495   0.361128   0.529283
      0.04     0.9777   0.365701     0.5323
      0.05   0.970401   0.375539   0.541515
      0.06    0.96266   0.401442   0.566603
      0.07   0.954839   0.427548    0.59063
      0.08   0.944491   0.476421   0.633362
      0.09   0.936109   0.513752   0.663412
       0.1   0.915975   0.568048   0.701226
      0.11   0.889143   0.606784   0.721315
      0.12   0.867726    0.62337   0.725526
      0.13   0.813621   0.638234   0.715333
      0.14   0.755866   0.639672   0.692932
      0.15   0.678298   0.636315   0.656636
      0.16   0.637228   0.627866   0.632512
      0.17   0.569165   0.614333   0.590887
      0.18   0.530422   0.600806   0.563424
      0.19   0.456945   0.579679   0.511046
       0.2   0.416075   0.571359   0.481507
      0.21   0.342157   0.554697   0.423243
      0.22   0.267557    0.53908    0.35762
      0.23   0.220551   0.521668   0.310028
      0.24    0.17174   0.486408   0.253851
      0.25   0.146352   0.468817   0.223068
      0.26   0.115469   0.507911   0.188162
      0.27   0.100229   0.492505   0.166561
      0.28  0.0665784   0.457875   0.116253
      0.29  0.0464445   0.693694  0.0870601
       0.3  0.0263907   0.807692  0.0511114
      0.31  0.0145189   0.818182  0.0285315
      0.32 0.00569526   0.666667   0.011294
      0.33          0          0          0
      0.34          0          0          0
      0.35          0          0          0
      0.36          0          0          0
      0.37          0          0          0
      0.38          0          0          0
      0.39          0          0          0
       0.4          0          0          0
      0.41          0          0          0
      0.42          0          0          0
      0.43          0          0          0
      0.44          0          0          0
      0.45          0          0          0
      0.46          0          0          0
      0.47          0          0          0
      0.48          0          0          0
      0.49          0          0          0
       0.5          0          0          0
      0.51          0          0          0
      0.52          0          0          0
      0.53          0          0          0
      0.54          0          0          0
      0.55          0          0          0
      0.56          0          0          0
      0.57          0          0          0
      0.58          0          0          0
      0.59          0          0          0
       0.6          0          0          0
      0.61          0          0          0
      0.62          0          0          0
      0.63          0          0          0
      0.64          0          0          0
      0.65          0          0          0
      0.66          0          0          0
      0.67          0          0          0
      0.68          0          0          0
      0.69          0          0          0
       0.7          0          0          0
      0.71          0          0          0
      0.72          0          0          0
      0.73          0          0          0
      0.74          0          0          0
      0.75          0          0          0
      0.76          0          0          0
      0.77          0          0          0
      0.78          0          0          0
      0.79          0          0          0
       0.8          0          0          0
      0.81          0          0          0
      0.82          0          0          0
      0.83          0          0          0
      0.84          0          0          0
      0.85          0          0          0
      0.86          0          0          0
      0.87          0          0          0
      0.88          0          0          0
      0.89          0          0          0
       0.9          0          0          0
      0.91          0          0          0
      0.92          0          0          0
      0.93          0          0          0
      0.94          0          0          0
      0.95          0          0          0
      0.96          0          0          0
      0.97          0          0          0
      0.98          0          0          0
      0.99          0          0          0
