         0          1   0.172013   0.293534
      0.01    0.99247   0.167762    0.28701
      0.02   0.992398   0.174484   0.296787
      0.03   0.992255    0.19104   0.320394
      0.04   0.983505   0.238101   0.383386
      0.05   0.951592   0.275112   0.426826
      0.06   0.907487    0.33746   0.491974
      0.07   0.873207   0.377741   0.527354
      0.08   0.820353    0.43035   0.564545
      0.09   0.766566   0.451551   0.568326
       0.1   0.698723   0.477331   0.567189
      0.11   0.631311   0.500978   0.558643
      0.12   0.596601   0.509663   0.549716
      0.13   0.532129   0.504159   0.517766
      0.14    0.47325   0.494974   0.483868
      0.15   0.396801   0.485007   0.436493
      0.16   0.366968   0.477784   0.415107
      0.17   0.322791   0.440709   0.372644
      0.18   0.288081   0.406608   0.337233
      0.19   0.233434   0.363215   0.284209
       0.2    0.21113   0.341866   0.261044
      0.21   0.182444    0.29059   0.224155
      0.22   0.149598   0.242623   0.185079
      0.23   0.116179   0.207241    0.14889
      0.24  0.0745841   0.145313  0.0985736
      0.25  0.0386546  0.0782918   0.051756
      0.26  0.0272519  0.0458333  0.0341805
      0.27  0.0109725   0.019802  0.0141206
      0.28          0          0          0
      0.29          0          0          0
       0.3          0          0          0
      0.31          0          0          0
      0.32          0          0          0
      0.33          0          0          0
      0.34          0          0          0
      0.35          0          0          0
      0.36          0          0          0
      0.37          0          0          0
      0.38          0          0          0
      0.39          0          0          0
       0.4          0          0          0
      0.41          0          0          0
      0.42          0          0          0
      0.43          0          0          0
      0.44          0          0          0
      0.45          0          0          0
      0.46          0          0          0
      0.47          0          0          0
      0.48          0          0          0
      0.49          0          0          0
       0.5          0          0          0
      0.51          0          0          0
      0.52          0          0          0
      0.53          0          0          0
      0.54          0          0          0
      0.55          0          0          0
      0.56          0          0          0
      0.57          0          0          0
      0.58          0          0          0
      0.59          0          0          0
       0.6          0          0          0
      0.61          0          0          0
      0.62          0          0          0
      0.63          0          0          0
      0.64          0          0          0
      0.65          0          0          0
      0.66          0          0          0
      0.67          0          0          0
      0.68          0          0          0
      0.69          0          0          0
       0.7          0          0          0
      0.71          0          0          0
      0.72          0          0          0
      0.73          0          0          0
      0.74          0          0          0
      0.75          0          0          0
      0.76          0          0          0
      0.77          0          0          0
      0.78          0          0          0
      0.79          0          0          0
       0.8          0          0          0
      0.81          0          0          0
      0.82          0          0          0
      0.83          0          0          0
      0.84          0          0          0
      0.85          0          0          0
      0.86          0          0          0
      0.87          0          0          0
      0.88          0          0          0
      0.89          0          0          0
       0.9          0          0          0
      0.91          0          0          0
      0.92          0          0          0
      0.93          0          0          0
      0.94          0          0          0
      0.95          0          0          0
      0.96          0          0          0
      0.97          0          0          0
      0.98          0          0          0
      0.99          0          0          0
