         0          1   0.171113   0.292223
      0.01   0.999809   0.161567   0.278181
      0.02   0.999809   0.161557   0.278166
      0.03   0.999238   0.160171   0.276087
      0.04   0.995999   0.159569   0.275069
      0.05   0.991427   0.159961   0.275476
      0.06   0.981139   0.164324   0.281501
      0.07   0.976567    0.16973   0.289196
      0.08   0.961135    0.18151   0.305353
      0.09   0.932654    0.18969   0.315261
       0.1   0.873309   0.207924    0.33588
      0.11   0.759287   0.232278   0.355733
      0.12   0.705753   0.249308   0.368458
      0.13   0.604687    0.27852   0.381377
      0.14   0.569347    0.29582   0.389345
      0.15   0.469804   0.309137   0.372901
      0.16   0.401886   0.311228   0.350795
      0.17   0.339017   0.320379   0.329435
      0.18   0.295866   0.319337   0.307154
      0.19      0.249   0.309408   0.275936
       0.2   0.206706   0.307755   0.247307
      0.21   0.158125   0.307297   0.208806
      0.22   0.133359   0.326223   0.189323
      0.23   0.104306   0.328424   0.158327
      0.24   0.098876   0.348148   0.154012
      0.25  0.0950657   0.358531   0.150283
      0.26  0.0729663   0.388715   0.122869
      0.27  0.0625833   0.440171   0.109586
      0.28    0.05763   0.690265   0.106379
      0.29  0.0482949   0.846154  0.0913746
       0.3  0.0383883          1  0.0739382
      0.31   0.016003          1   0.031502
      0.32   0.011526          1  0.0227893
      0.33 0.00666794          1  0.0132475
      0.34          0          0          0
      0.35          0          0          0
      0.36          0          0          0
      0.37          0          0          0
      0.38          0          0          0
      0.39          0          0          0
       0.4          0          0          0
      0.41          0          0          0
      0.42          0          0          0
      0.43          0          0          0
      0.44          0          0          0
      0.45          0          0          0
      0.46          0          0          0
      0.47          0          0          0
      0.48          0          0          0
      0.49          0          0          0
       0.5          0          0          0
      0.51          0          0          0
      0.52          0          0          0
      0.53          0          0          0
      0.54          0          0          0
      0.55          0          0          0
      0.56          0          0          0
      0.57          0          0          0
      0.58          0          0          0
      0.59          0          0          0
       0.6          0          0          0
      0.61          0          0          0
      0.62          0          0          0
      0.63          0          0          0
      0.64          0          0          0
      0.65          0          0          0
      0.66          0          0          0
      0.67          0          0          0
      0.68          0          0          0
      0.69          0          0          0
       0.7          0          0          0
      0.71          0          0          0
      0.72          0          0          0
      0.73          0          0          0
      0.74          0          0          0
      0.75          0          0          0
      0.76          0          0          0
      0.77          0          0          0
      0.78          0          0          0
      0.79          0          0          0
       0.8          0          0          0
      0.81          0          0          0
      0.82          0          0          0
      0.83          0          0          0
      0.84          0          0          0
      0.85          0          0          0
      0.86          0          0          0
      0.87          0          0          0
      0.88          0          0          0
      0.89          0          0          0
       0.9          0          0          0
      0.91          0          0          0
      0.92          0          0          0
      0.93          0          0          0
      0.94          0          0          0
      0.95          0          0          0
      0.96          0          0          0
      0.97          0          0          0
      0.98          0          0          0
      0.99          0          0          0
