         0          1   0.391539   0.562742
      0.01    0.98819    0.38797   0.557186
      0.02   0.986859    0.41073   0.580045
      0.03    0.97561    0.42358   0.590697
      0.04   0.935135    0.44445    0.60253
      0.05   0.898689   0.460139   0.608645
      0.06   0.837749   0.479546   0.609945
      0.07   0.779086   0.488797    0.60071
      0.08   0.676514   0.498863   0.574263
      0.09   0.607513   0.505086   0.551585
       0.1   0.533852   0.524756   0.529265
      0.11   0.471965   0.558333   0.511529
      0.12   0.419505   0.582111   0.487609
      0.13   0.362034   0.630563   0.459976
      0.14   0.330074   0.660731   0.440228
      0.15   0.294926   0.679594   0.411341
      0.16   0.255502   0.671777   0.370202
      0.17   0.213975   0.666946   0.324002
      0.18   0.202131   0.668588   0.310415
      0.19   0.171468   0.643665   0.270797
       0.2   0.163618      0.625   0.259343
      0.21   0.127979   0.586107   0.210085
      0.22   0.103028   0.527027   0.172361
      0.23  0.0835086   0.476744   0.142122
      0.24  0.0691758   0.481283   0.120965
      0.25  0.0509882   0.463035   0.091861
      0.26  0.0357443   0.923077  0.0688236
      0.27  0.0276142   0.890625  0.0535676
      0.28  0.0134567   0.931034  0.0265299
      0.29 0.00837539          1  0.0166116
       0.3 0.00189235          1 0.00377754
      0.31          0          0          0
      0.32          0          0          0
      0.33          0          0          0
      0.34          0          0          0
      0.35          0          0          0
      0.36          0          0          0
      0.37          0          0          0
      0.38          0          0          0
      0.39          0          0          0
       0.4          0          0          0
      0.41          0          0          0
      0.42          0          0          0
      0.43          0          0          0
      0.44          0          0          0
      0.45          0          0          0
      0.46          0          0          0
      0.47          0          0          0
      0.48          0          0          0
      0.49          0          0          0
       0.5          0          0          0
      0.51          0          0          0
      0.52          0          0          0
      0.53          0          0          0
      0.54          0          0          0
      0.55          0          0          0
      0.56          0          0          0
      0.57          0          0          0
      0.58          0          0          0
      0.59          0          0          0
       0.6          0          0          0
      0.61          0          0          0
      0.62          0          0          0
      0.63          0          0          0
      0.64          0          0          0
      0.65          0          0          0
      0.66          0          0          0
      0.67          0          0          0
      0.68          0          0          0
      0.69          0          0          0
       0.7          0          0          0
      0.71          0          0          0
      0.72          0          0          0
      0.73          0          0          0
      0.74          0          0          0
      0.75          0          0          0
      0.76          0          0          0
      0.77          0          0          0
      0.78          0          0          0
      0.79          0          0          0
       0.8          0          0          0
      0.81          0          0          0
      0.82          0          0          0
      0.83          0          0          0
      0.84          0          0          0
      0.85          0          0          0
      0.86          0          0          0
      0.87          0          0          0
      0.88          0          0          0
      0.89          0          0          0
       0.9          0          0          0
      0.91          0          0          0
      0.92          0          0          0
      0.93          0          0          0
      0.94          0          0          0
      0.95          0          0          0
      0.96          0          0          0
      0.97          0          0          0
      0.98          0          0          0
      0.99          0          0          0
