         0          1   0.216663    0.35616
      0.01   0.999774   0.373134   0.543444
      0.02    0.99923   0.643442   0.782806
      0.03   0.999094   0.705493   0.827009
      0.04   0.998822    0.71443   0.833023
      0.05   0.997283   0.720734    0.83675
      0.06   0.994429   0.735733   0.845741
      0.07   0.991033    0.74612   0.851312
      0.08   0.988361    0.76643   0.863362
      0.09   0.984783   0.778653    0.86967
       0.1   0.980525   0.794793   0.877944
      0.11   0.973913   0.803913   0.880785
      0.12   0.966531   0.807073   0.879634
      0.13   0.954801   0.810663   0.876848
      0.14    0.94692   0.811908   0.874232
      0.15   0.916893   0.812638   0.861623
      0.16   0.891576   0.813523   0.850763
      0.17   0.869203   0.821761   0.844816
      0.18   0.846241   0.823871   0.834906
      0.19   0.787545   0.822458   0.804623
       0.2   0.750906   0.821945   0.784821
      0.21   0.699139   0.825511   0.757088
      0.22   0.637274   0.839684   0.724609
      0.23   0.597736   0.857596   0.704466
      0.24   0.528668   0.940649   0.676901
      0.25   0.491893          1   0.659421
      0.26    0.40317          1   0.574656
      0.27   0.317165          1   0.481587
      0.28   0.192572          1   0.322953
      0.29   0.117301          1   0.209972
       0.3  0.0402627          1  0.0774087
      0.31          0          0          0
      0.32          0          0          0
      0.33          0          0          0
      0.34          0          0          0
      0.35          0          0          0
      0.36          0          0          0
      0.37          0          0          0
      0.38          0          0          0
      0.39          0          0          0
       0.4          0          0          0
      0.41          0          0          0
      0.42          0          0          0
      0.43          0          0          0
      0.44          0          0          0
      0.45          0          0          0
      0.46          0          0          0
      0.47          0          0          0
      0.48          0          0          0
      0.49          0          0          0
       0.5          0          0          0
      0.51          0          0          0
      0.52          0          0          0
      0.53          0          0          0
      0.54          0          0          0
      0.55          0          0          0
      0.56          0          0          0
      0.57          0          0          0
      0.58          0          0          0
      0.59          0          0          0
       0.6          0          0          0
      0.61          0          0          0
      0.62          0          0          0
      0.63          0          0          0
      0.64          0          0          0
      0.65          0          0          0
      0.66          0          0          0
      0.67          0          0          0
      0.68          0          0          0
      0.69          0          0          0
       0.7          0          0          0
      0.71          0          0          0
      0.72          0          0          0
      0.73          0          0          0
      0.74          0          0          0
      0.75          0          0          0
      0.76          0          0          0
      0.77          0          0          0
      0.78          0          0          0
      0.79          0          0          0
       0.8          0          0          0
      0.81          0          0          0
      0.82          0          0          0
      0.83          0          0          0
      0.84          0          0          0
      0.85          0          0          0
      0.86          0          0          0
      0.87          0          0          0
      0.88          0          0          0
      0.89          0          0          0
       0.9          0          0          0
      0.91          0          0          0
      0.92          0          0          0
      0.93          0          0          0
      0.94          0          0          0
      0.95          0          0          0
      0.96          0          0          0
      0.97          0          0          0
      0.98          0          0          0
      0.99          0          0          0
