         0          1   0.205491   0.340925
      0.01   0.995834   0.219218   0.359334
      0.02    0.99475   0.246315   0.394857
      0.03   0.987584   0.276956   0.432596
      0.04   0.956837   0.308239   0.466271
      0.05   0.898842   0.319258   0.471164
      0.06   0.806349   0.328193   0.466511
      0.07   0.726356   0.336325   0.459765
      0.08   0.640113   0.367129   0.466629
      0.09   0.607533   0.397134   0.480302
       0.1   0.547538   0.441476    0.48882
      0.11   0.503791   0.493466   0.498575
      0.12   0.470794   0.504642   0.487131
      0.13   0.391467   0.520281   0.446775
      0.14   0.347638   0.547017   0.425111
      0.15   0.254479   0.607018   0.358616
      0.16   0.181902   0.673854   0.286472
      0.17   0.121323   0.777251   0.209885
      0.18  0.0900758   0.837838   0.162664
      0.19  0.0575785   0.913978   0.108332
       0.2  0.0443296   0.944444  0.0846844
      0.21  0.0301642   0.982143  0.0585307
      0.22  0.0294975       0.98  0.0572712
      0.23  0.0270811   0.976744   0.052701
      0.24  0.0182485          1  0.0358429
      0.25  0.0168319          1  0.0331066
      0.26  0.0134989          1  0.0266382
      0.27 0.00941588          1  0.0186561
      0.28 0.00524956          1  0.0104443
      0.29 0.00499958          1 0.00994942
       0.3 0.00291642          1 0.00581589
      0.31          0          0          0
      0.32          0          0          0
      0.33          0          0          0
      0.34          0          0          0
      0.35          0          0          0
      0.36          0          0          0
      0.37          0          0          0
      0.38          0          0          0
      0.39          0          0          0
       0.4          0          0          0
      0.41          0          0          0
      0.42          0          0          0
      0.43          0          0          0
      0.44          0          0          0
      0.45          0          0          0
      0.46          0          0          0
      0.47          0          0          0
      0.48          0          0          0
      0.49          0          0          0
       0.5          0          0          0
      0.51          0          0          0
      0.52          0          0          0
      0.53          0          0          0
      0.54          0          0          0
      0.55          0          0          0
      0.56          0          0          0
      0.57          0          0          0
      0.58          0          0          0
      0.59          0          0          0
       0.6          0          0          0
      0.61          0          0          0
      0.62          0          0          0
      0.63          0          0          0
      0.64          0          0          0
      0.65          0          0          0
      0.66          0          0          0
      0.67          0          0          0
      0.68          0          0          0
      0.69          0          0          0
       0.7          0          0          0
      0.71          0          0          0
      0.72          0          0          0
      0.73          0          0          0
      0.74          0          0          0
      0.75          0          0          0
      0.76          0          0          0
      0.77          0          0          0
      0.78          0          0          0
      0.79          0          0          0
       0.8          0          0          0
      0.81          0          0          0
      0.82          0          0          0
      0.83          0          0          0
      0.84          0          0          0
      0.85          0          0          0
      0.86          0          0          0
      0.87          0          0          0
      0.88          0          0          0
      0.89          0          0          0
       0.9          0          0          0
      0.91          0          0          0
      0.92          0          0          0
      0.93          0          0          0
      0.94          0          0          0
      0.95          0          0          0
      0.96          0          0          0
      0.97          0          0          0
      0.98          0          0          0
      0.99          0          0          0
