         0          1   0.214804   0.353644
      0.01   0.989998   0.264556   0.417535
      0.02   0.976935   0.424956   0.592278
      0.03   0.951855   0.494272   0.650669
      0.04   0.894678   0.598102   0.716929
      0.05   0.865418    0.64385   0.738371
      0.06   0.813316   0.704602   0.755066
      0.07   0.775099   0.750329   0.762513
      0.08   0.685751   0.801414   0.739084
      0.09   0.635291   0.817064   0.714803
       0.1   0.542883   0.821107   0.653619
      0.11   0.468762   0.849506    0.60415
      0.12     0.4083   0.862838   0.554302
      0.13   0.350601   0.888889   0.502861
      0.14   0.318877   0.907021   0.471864
      0.15   0.277674   0.916471   0.426213
      0.16   0.257371   0.915888   0.401826
      0.17   0.222065   0.914149   0.357327
      0.18   0.212137   0.913824   0.344339
      0.19   0.192207    0.90724    0.31721
       0.2   0.181011   0.909574   0.301935
      0.21   0.152795   0.912892   0.261776
      0.22   0.128312   0.905473   0.224773
      0.23  0.0951706   0.886076    0.17188
      0.24  0.0648653   0.872549   0.120754
      0.25  0.0544152   0.837838   0.102193
      0.26  0.0326939   0.847826  0.0629599
      0.27  0.0263492    0.84375  0.0511025
      0.28  0.0199298          1  0.0390808
      0.29 0.00671792          1  0.0133462
       0.3          0          0          0
      0.31          0          0          0
      0.32          0          0          0
      0.33          0          0          0
      0.34          0          0          0
      0.35          0          0          0
      0.36          0          0          0
      0.37          0          0          0
      0.38          0          0          0
      0.39          0          0          0
       0.4          0          0          0
      0.41          0          0          0
      0.42          0          0          0
      0.43          0          0          0
      0.44          0          0          0
      0.45          0          0          0
      0.46          0          0          0
      0.47          0          0          0
      0.48          0          0          0
      0.49          0          0          0
       0.5          0          0          0
      0.51          0          0          0
      0.52          0          0          0
      0.53          0          0          0
      0.54          0          0          0
      0.55          0          0          0
      0.56          0          0          0
      0.57          0          0          0
      0.58          0          0          0
      0.59          0          0          0
       0.6          0          0          0
      0.61          0          0          0
      0.62          0          0          0
      0.63          0          0          0
      0.64          0          0          0
      0.65          0          0          0
      0.66          0          0          0
      0.67          0          0          0
      0.68          0          0          0
      0.69          0          0          0
       0.7          0          0          0
      0.71          0          0          0
      0.72          0          0          0
      0.73          0          0          0
      0.74          0          0          0
      0.75          0          0          0
      0.76          0          0          0
      0.77          0          0          0
      0.78          0          0          0
      0.79          0          0          0
       0.8          0          0          0
      0.81          0          0          0
      0.82          0          0          0
      0.83          0          0          0
      0.84          0          0          0
      0.85          0          0          0
      0.86          0          0          0
      0.87          0          0          0
      0.88          0          0          0
      0.89          0          0          0
       0.9          0          0          0
      0.91          0          0          0
      0.92          0          0          0
      0.93          0          0          0
      0.94          0          0          0
      0.95          0          0          0
      0.96          0          0          0
      0.97          0          0          0
      0.98          0          0          0
      0.99          0          0          0
