         0          1   0.364376   0.534128
      0.01   0.999482   0.362425   0.531956
      0.02   0.999482   0.363417   0.533024
      0.03    0.99943   0.365965   0.535752
      0.04   0.998757   0.372572   0.542698
      0.05   0.994613    0.37805    0.54786
      0.06   0.984719   0.391358    0.56011
      0.07   0.972287   0.402593   0.569411
      0.08    0.94447   0.421807   0.583167
      0.09   0.913183   0.435577   0.589818
       0.1   0.858793    0.45841    0.59775
      0.11   0.794095   0.487235   0.603921
      0.12   0.746698   0.504071   0.601852
      0.13   0.660554   0.538377   0.593241
      0.14   0.611655   0.555714   0.582344
      0.15    0.54934   0.583333   0.565826
      0.16   0.498161   0.600829   0.544699
      0.17   0.413313   0.612847    0.49368
      0.18   0.382906   0.622356   0.474113
      0.19   0.326651   0.636704   0.431783
       0.2   0.298575    0.64121   0.407433
      0.21   0.265372   0.657407   0.378113
      0.22   0.227247   0.672496   0.339703
      0.23   0.203056   0.679621   0.312688
      0.24   0.167314   0.673858   0.268069
      0.25   0.137374   0.674419   0.228254
      0.26  0.0989381   0.690594    0.17308
      0.27  0.0750583    0.67541   0.135103
      0.28  0.0483812    0.64497  0.0900105
      0.29  0.0378658   0.699029  0.0718402
       0.3  0.0117068     0.6875  0.0230216
      0.31 0.00502461   0.538462  0.0099563
      0.32  0.0013986   0.166667 0.00277393
      0.33          0          0          0
      0.34          0          0          0
      0.35          0          0          0
      0.36          0          0          0
      0.37          0          0          0
      0.38          0          0          0
      0.39          0          0          0
       0.4          0          0          0
      0.41          0          0          0
      0.42          0          0          0
      0.43          0          0          0
      0.44          0          0          0
      0.45          0          0          0
      0.46          0          0          0
      0.47          0          0          0
      0.48          0          0          0
      0.49          0          0          0
       0.5          0          0          0
      0.51          0          0          0
      0.52          0          0          0
      0.53          0          0          0
      0.54          0          0          0
      0.55          0          0          0
      0.56          0          0          0
      0.57          0          0          0
      0.58          0          0          0
      0.59          0          0          0
       0.6          0          0          0
      0.61          0          0          0
      0.62          0          0          0
      0.63          0          0          0
      0.64          0          0          0
      0.65          0          0          0
      0.66          0          0          0
      0.67          0          0          0
      0.68          0          0          0
      0.69          0          0          0
       0.7          0          0          0
      0.71          0          0          0
      0.72          0          0          0
      0.73          0          0          0
      0.74          0          0          0
      0.75          0          0          0
      0.76          0          0          0
      0.77          0          0          0
      0.78          0          0          0
      0.79          0          0          0
       0.8          0          0          0
      0.81          0          0          0
      0.82          0          0          0
      0.83          0          0          0
      0.84          0          0          0
      0.85          0          0          0
      0.86          0          0          0
      0.87          0          0          0
      0.88          0          0          0
      0.89          0          0          0
       0.9          0          0          0
      0.91          0          0          0
      0.92          0          0          0
      0.93          0          0          0
      0.94          0          0          0
      0.95          0          0          0
      0.96          0          0          0
      0.97          0          0          0
      0.98          0          0          0
      0.99          0          0          0
