         0          1   0.176767   0.300428
      0.01   0.999643   0.198463   0.331176
      0.02   0.999197   0.248215   0.397648
      0.03   0.995449   0.264468   0.417908
      0.04   0.987774   0.279337   0.435513
      0.05   0.984293   0.287864   0.445452
      0.06   0.974388   0.300341   0.459155
      0.07   0.941011   0.310297     0.4667
      0.08   0.905091   0.333959   0.487895
      0.09   0.889742   0.356645   0.509187
       0.1   0.883182   0.381538   0.532873
      0.11   0.858775   0.403062   0.548628
      0.12   0.839766   0.411828   0.552638
      0.13   0.792156   0.435527   0.562043
      0.14   0.784749   0.458448   0.578777
      0.15   0.776761    0.49027   0.601126
      0.16   0.766588   0.515917   0.616755
      0.17   0.755566   0.555018   0.639948
      0.18   0.753826   0.582735    0.65733
      0.19   0.750881   0.617942   0.677956
       0.2    0.74392   0.641123   0.688707
      0.21   0.728705   0.673331   0.699924
      0.22   0.721387   0.697592    0.70929
      0.23   0.715631   0.710843   0.713229
      0.24   0.696176   0.724671   0.710138
      0.25   0.684351   0.732919   0.707803
      0.26   0.661149   0.733795    0.69558
      0.27   0.625898   0.726048   0.672263
      0.28    0.49913   0.683983   0.577115
      0.29    0.36433    0.64127   0.464666
       0.3   0.233323   0.703704   0.350449
      0.31   0.137745   0.633333   0.226276
      0.32  0.0712596   0.507246   0.124964
      0.33 0.00508679  0.0952381 0.00965774
      0.34          0          0          0
      0.35          0          0          0
      0.36          0          0          0
      0.37          0          0          0
      0.38          0          0          0
      0.39          0          0          0
       0.4          0          0          0
      0.41          0          0          0
      0.42          0          0          0
      0.43          0          0          0
      0.44          0          0          0
      0.45          0          0          0
      0.46          0          0          0
      0.47          0          0          0
      0.48          0          0          0
      0.49          0          0          0
       0.5          0          0          0
      0.51          0          0          0
      0.52          0          0          0
      0.53          0          0          0
      0.54          0          0          0
      0.55          0          0          0
      0.56          0          0          0
      0.57          0          0          0
      0.58          0          0          0
      0.59          0          0          0
       0.6          0          0          0
      0.61          0          0          0
      0.62          0          0          0
      0.63          0          0          0
      0.64          0          0          0
      0.65          0          0          0
      0.66          0          0          0
      0.67          0          0          0
      0.68          0          0          0
      0.69          0          0          0
       0.7          0          0          0
      0.71          0          0          0
      0.72          0          0          0
      0.73          0          0          0
      0.74          0          0          0
      0.75          0          0          0
      0.76          0          0          0
      0.77          0          0          0
      0.78          0          0          0
      0.79          0          0          0
       0.8          0          0          0
      0.81          0          0          0
      0.82          0          0          0
      0.83          0          0          0
      0.84          0          0          0
      0.85          0          0          0
      0.86          0          0          0
      0.87          0          0          0
      0.88          0          0          0
      0.89          0          0          0
       0.9          0          0          0
      0.91          0          0          0
      0.92          0          0          0
      0.93          0          0          0
      0.94          0          0          0
      0.95          0          0          0
      0.96          0          0          0
      0.97          0          0          0
      0.98          0          0          0
      0.99          0          0          0
