         0          1   0.361785    0.53134
      0.01   0.999595   0.371137   0.541298
      0.02    0.99947   0.374473   0.544818
      0.03   0.999189   0.375083   0.545422
      0.04   0.998097   0.379287   0.549688
      0.05   0.995228   0.383642   0.553803
      0.06   0.987118   0.395082   0.564307
      0.07   0.976575   0.411807   0.579323
      0.08   0.946257   0.442188   0.602723
      0.09   0.917779   0.465424   0.617633
       0.1   0.848908   0.503088    0.63177
      0.11   0.757174   0.542876   0.632363
      0.12   0.701871   0.572033   0.630336
      0.13   0.612633   0.600551   0.606532
      0.14   0.564192   0.621479   0.591452
      0.15   0.489457   0.656209   0.560698
      0.16   0.437711    0.68063   0.532788
      0.17   0.375296   0.713445   0.491858
      0.18   0.339021   0.735413   0.464096
      0.19   0.289021   0.767691   0.419941
       0.2   0.271647   0.803792   0.406062
      0.21   0.236182   0.873967    0.37187
      0.22   0.203369   0.943226   0.334595
      0.23   0.193013   0.960227   0.321419
      0.24   0.169682   0.983498   0.289429
      0.25   0.159201   0.989071   0.274258
      0.26   0.143013   0.989293     0.2499
      0.27   0.128228   0.994885   0.227176
      0.28    0.11519          1   0.206584
      0.29  0.0978478          1   0.178254
       0.3  0.0721772          1   0.134637
      0.31  0.0338116          1  0.0654115
      0.32  0.0185901          1  0.0365017
      0.33 0.00464754          1 0.00925207
      0.34          0          0          0
      0.35          0          0          0
      0.36          0          0          0
      0.37          0          0          0
      0.38          0          0          0
      0.39          0          0          0
       0.4          0          0          0
      0.41          0          0          0
      0.42          0          0          0
      0.43          0          0          0
      0.44          0          0          0
      0.45          0          0          0
      0.46          0          0          0
      0.47          0          0          0
      0.48          0          0          0
      0.49          0          0          0
       0.5          0          0          0
      0.51          0          0          0
      0.52          0          0          0
      0.53          0          0          0
      0.54          0          0          0
      0.55          0          0          0
      0.56          0          0          0
      0.57          0          0          0
      0.58          0          0          0
      0.59          0          0          0
       0.6          0          0          0
      0.61          0          0          0
      0.62          0          0          0
      0.63          0          0          0
      0.64          0          0          0
      0.65          0          0          0
      0.66          0          0          0
      0.67          0          0          0
      0.68          0          0          0
      0.69          0          0          0
       0.7          0          0          0
      0.71          0          0          0
      0.72          0          0          0
      0.73          0          0          0
      0.74          0          0          0
      0.75          0          0          0
      0.76          0          0          0
      0.77          0          0          0
      0.78          0          0          0
      0.79          0          0          0
       0.8          0          0          0
      0.81          0          0          0
      0.82          0          0          0
      0.83          0          0          0
      0.84          0          0          0
      0.85          0          0          0
      0.86          0          0          0
      0.87          0          0          0
      0.88          0          0          0
      0.89          0          0          0
       0.9          0          0          0
      0.91          0          0          0
      0.92          0          0          0
      0.93          0          0          0
      0.94          0          0          0
      0.95          0          0          0
      0.96          0          0          0
      0.97          0          0          0
      0.98          0          0          0
      0.99          0          0          0
