         0          1   0.298178   0.459379
      0.01   0.996234   0.272279   0.427672
      0.02   0.989817   0.272364   0.427182
      0.03   0.986847   0.277943   0.433727
      0.04     0.9773   0.291712    0.44931
      0.05   0.968019   0.305033    0.46389
      0.06   0.946009   0.331379   0.490826
      0.07   0.920286   0.351944   0.509168
      0.08   0.878759   0.390487   0.540706
      0.09   0.821374   0.417089   0.553244
       0.1   0.726439   0.463714   0.566078
      0.11   0.615274   0.510905   0.558254
      0.12   0.550729   0.540852   0.545746
      0.13   0.446566   0.592787   0.509391
      0.14   0.382445   0.631111   0.476274
      0.15   0.302784   0.691462   0.421151
      0.16   0.256537   0.723459   0.378765
      0.17   0.200743   0.797219   0.320725
      0.18     0.1869   0.844712   0.306078
      0.19   0.159798   0.916107   0.272129
       0.2   0.144259   0.946463   0.250358
      0.21   0.130894   0.974771   0.230796
      0.22   0.121506   0.994413   0.216552
      0.23   0.117157   0.996815   0.209671
      0.24   0.101299          1   0.183963
      0.25  0.0894723          1   0.164249
      0.26  0.0705914          1   0.131874
      0.27  0.0469902          1  0.0897624
      0.28   0.017555          1  0.0345043
      0.29 0.00546274          1  0.0108661
       0.3  0.0023336          1 0.00465633
      0.31          0          0          0
      0.32          0          0          0
      0.33          0          0          0
      0.34          0          0          0
      0.35          0          0          0
      0.36          0          0          0
      0.37          0          0          0
      0.38          0          0          0
      0.39          0          0          0
       0.4          0          0          0
      0.41          0          0          0
      0.42          0          0          0
      0.43          0          0          0
      0.44          0          0          0
      0.45          0          0          0
      0.46          0          0          0
      0.47          0          0          0
      0.48          0          0          0
      0.49          0          0          0
       0.5          0          0          0
      0.51          0          0          0
      0.52          0          0          0
      0.53          0          0          0
      0.54          0          0          0
      0.55          0          0          0
      0.56          0          0          0
      0.57          0          0          0
      0.58          0          0          0
      0.59          0          0          0
       0.6          0          0          0
      0.61          0          0          0
      0.62          0          0          0
      0.63          0          0          0
      0.64          0          0          0
      0.65          0          0          0
      0.66          0          0          0
      0.67          0          0          0
      0.68          0          0          0
      0.69          0          0          0
       0.7          0          0          0
      0.71          0          0          0
      0.72          0          0          0
      0.73          0          0          0
      0.74          0          0          0
      0.75          0          0          0
      0.76          0          0          0
      0.77          0          0          0
      0.78          0          0          0
      0.79          0          0          0
       0.8          0          0          0
      0.81          0          0          0
      0.82          0          0          0
      0.83          0          0          0
      0.84          0          0          0
      0.85          0          0          0
      0.86          0          0          0
      0.87          0          0          0
      0.88          0          0          0
      0.89          0          0          0
       0.9          0          0          0
      0.91          0          0          0
      0.92          0          0          0
      0.93          0          0          0
      0.94          0          0          0
      0.95          0          0          0
      0.96          0          0          0
      0.97          0          0          0
      0.98          0          0          0
      0.99          0          0          0
