         0          1    0.48887   0.656699
      0.01   0.993105   0.517911   0.680787
      0.02   0.989658   0.537856   0.696941
      0.03   0.983888    0.54604   0.702311
      0.04    0.97186   0.569071   0.717822
      0.05   0.952301   0.595179   0.732532
      0.06    0.91685   0.661196   0.768314
      0.07   0.883282   0.710215    0.78735
      0.08   0.825828    0.78422   0.804486
      0.09   0.784314   0.829642   0.806341
       0.1   0.727275   0.885997   0.798828
      0.11   0.639822   0.925344    0.75654
      0.12   0.582368   0.944393   0.720458
      0.13   0.482959   0.958219   0.642226
      0.14   0.421911   0.965363   0.587191
      0.15   0.349885   0.962617   0.513226
      0.16   0.283629   0.959759   0.437861
      0.17   0.198523   0.950355   0.328438
      0.18   0.152022   0.947439   0.262004
      0.19   0.105398   0.948546   0.189716
       0.2   0.077649   0.973597   0.143827
      0.21  0.0521979   0.973822  0.0990848
      0.22  0.0327857   0.977099  0.0634426
      0.23  0.0260378   0.990099  0.0507413
      0.24  0.0230796          1  0.0451178
      0.25  0.0215637          1  0.0422171
      0.26   0.018361          1  0.0360598
      0.27  0.0171385          1  0.0336995
      0.28  0.0128111          1  0.0252981
      0.29 0.00638111          1  0.0126813
       0.3          0          0          0
      0.31          0          0          0
      0.32          0          0          0
      0.33          0          0          0
      0.34          0          0          0
      0.35          0          0          0
      0.36          0          0          0
      0.37          0          0          0
      0.38          0          0          0
      0.39          0          0          0
       0.4          0          0          0
      0.41          0          0          0
      0.42          0          0          0
      0.43          0          0          0
      0.44          0          0          0
      0.45          0          0          0
      0.46          0          0          0
      0.47          0          0          0
      0.48          0          0          0
      0.49          0          0          0
       0.5          0          0          0
      0.51          0          0          0
      0.52          0          0          0
      0.53          0          0          0
      0.54          0          0          0
      0.55          0          0          0
      0.56          0          0          0
      0.57          0          0          0
      0.58          0          0          0
      0.59          0          0          0
       0.6          0          0          0
      0.61          0          0          0
      0.62          0          0          0
      0.63          0          0          0
      0.64          0          0          0
      0.65          0          0          0
      0.66          0          0          0
      0.67          0          0          0
      0.68          0          0          0
      0.69          0          0          0
       0.7          0          0          0
      0.71          0          0          0
      0.72          0          0          0
      0.73          0          0          0
      0.74          0          0          0
      0.75          0          0          0
      0.76          0          0          0
      0.77          0          0          0
      0.78          0          0          0
      0.79          0          0          0
       0.8          0          0          0
      0.81          0          0          0
      0.82          0          0          0
      0.83          0          0          0
      0.84          0          0          0
      0.85          0          0          0
      0.86          0          0          0
      0.87          0          0          0
      0.88          0          0          0
      0.89          0          0          0
       0.9          0          0          0
      0.91          0          0          0
      0.92          0          0          0
      0.93          0          0          0
      0.94          0          0          0
      0.95          0          0          0
      0.96          0          0          0
      0.97          0          0          0
      0.98          0          0          0
      0.99          0          0          0
