         0          1   0.242084   0.389803
      0.01   0.999761   0.229286   0.373023
      0.02   0.998805   0.228267   0.371606
      0.03   0.998685    0.22981    0.37364
      0.04   0.998326   0.242648   0.390405
      0.05   0.995159    0.25952   0.411681
      0.06   0.987807   0.297311   0.457057
      0.07   0.973881   0.333235   0.496561
      0.08    0.91967   0.388626   0.546371
      0.09   0.861216   0.422494   0.566886
       0.1   0.759967   0.457476   0.571142
      0.11   0.618851   0.464229   0.530503
      0.12   0.529795    0.47426   0.500492
      0.13   0.408284   0.484655   0.443203
      0.14   0.347857   0.504384   0.411746
      0.15   0.291017   0.576358   0.386753
      0.16   0.252406   0.632959   0.360896
      0.17   0.199749   0.752137   0.315665
      0.18    0.17871     0.8125   0.292979
      0.19   0.135856   0.851312   0.234318
       0.2   0.103042   0.900398   0.184922
      0.21  0.0669416   0.915033   0.124756
      0.22  0.0283306        0.9  0.0549321
      0.23  0.0199032   0.978723   0.039013
      0.24  0.0108182   0.952381  0.0213935
      0.25 0.00729185          1  0.0144781
      0.26 0.00251031          1 0.00500805
      0.27 0.00137469          1 0.00274561
      0.28          0          0          0
      0.29          0          0          0
       0.3          0          0          0
      0.31          0          0          0
      0.32          0          0          0
      0.33          0          0          0
      0.34          0          0          0
      0.35          0          0          0
      0.36          0          0          0
      0.37          0          0          0
      0.38          0          0          0
      0.39          0          0          0
       0.4          0          0          0
      0.41          0          0          0
      0.42          0          0          0
      0.43          0          0          0
      0.44          0          0          0
      0.45          0          0          0
      0.46          0          0          0
      0.47          0          0          0
      0.48          0          0          0
      0.49          0          0          0
       0.5          0          0          0
      0.51          0          0          0
      0.52          0          0          0
      0.53          0          0          0
      0.54          0          0          0
      0.55          0          0          0
      0.56          0          0          0
      0.57          0          0          0
      0.58          0          0          0
      0.59          0          0          0
       0.6          0          0          0
      0.61          0          0          0
      0.62          0          0          0
      0.63          0          0          0
      0.64          0          0          0
      0.65          0          0          0
      0.66          0          0          0
      0.67          0          0          0
      0.68          0          0          0
      0.69          0          0          0
       0.7          0          0          0
      0.71          0          0          0
      0.72          0          0          0
      0.73          0          0          0
      0.74          0          0          0
      0.75          0          0          0
      0.76          0          0          0
      0.77          0          0          0
      0.78          0          0          0
      0.79          0          0          0
       0.8          0          0          0
      0.81          0          0          0
      0.82          0          0          0
      0.83          0          0          0
      0.84          0          0          0
      0.85          0          0          0
      0.86          0          0          0
      0.87          0          0          0
      0.88          0          0          0
      0.89          0          0          0
       0.9          0          0          0
      0.91          0          0          0
      0.92          0          0          0
      0.93          0          0          0
      0.94          0          0          0
      0.95          0          0          0
      0.96          0          0          0
      0.97          0          0          0
      0.98          0          0          0
      0.99          0          0          0
