         0          1   0.319512   0.484288
      0.01   0.997381   0.303319   0.465171
      0.02   0.996249   0.302482   0.464064
      0.03   0.993276   0.302837   0.464159
      0.04   0.979404    0.30202   0.461673
      0.05   0.965815   0.302526   0.460735
      0.06   0.934461   0.299986   0.454172
      0.07    0.90431   0.296322   0.446377
      0.08   0.837993   0.289436   0.430262
      0.09   0.791563   0.284695   0.418773
       0.1    0.70012   0.276398    0.39633
      0.11   0.578031   0.259096   0.357809
      0.12   0.494515   0.250429   0.332484
      0.13   0.388563   0.233358   0.291594
      0.14    0.32451   0.218015    0.26081
      0.15   0.225423   0.199066   0.211426
      0.16   0.171491      0.209   0.188397
      0.17   0.125062   0.207627   0.156099
      0.18  0.0927879   0.198999   0.126563
      0.19  0.0596645   0.181223  0.0897728
       0.2  0.0355298   0.158621  0.0580555
      0.21  0.0125982   0.162791  0.0233865
      0.22 0.00523745   0.133333   0.010079
      0.23 0.000849317   0.157895 0.00168955
      0.24          0          0          0
      0.25          0          0          0
      0.26          0          0          0
      0.27          0          0          0
      0.28          0          0          0
      0.29          0          0          0
       0.3          0          0          0
      0.31          0          0          0
      0.32          0          0          0
      0.33          0          0          0
      0.34          0          0          0
      0.35          0          0          0
      0.36          0          0          0
      0.37          0          0          0
      0.38          0          0          0
      0.39          0          0          0
       0.4          0          0          0
      0.41          0          0          0
      0.42          0          0          0
      0.43          0          0          0
      0.44          0          0          0
      0.45          0          0          0
      0.46          0          0          0
      0.47          0          0          0
      0.48          0          0          0
      0.49          0          0          0
       0.5          0          0          0
      0.51          0          0          0
      0.52          0          0          0
      0.53          0          0          0
      0.54          0          0          0
      0.55          0          0          0
      0.56          0          0          0
      0.57          0          0          0
      0.58          0          0          0
      0.59          0          0          0
       0.6          0          0          0
      0.61          0          0          0
      0.62          0          0          0
      0.63          0          0          0
      0.64          0          0          0
      0.65          0          0          0
      0.66          0          0          0
      0.67          0          0          0
      0.68          0          0          0
      0.69          0          0          0
       0.7          0          0          0
      0.71          0          0          0
      0.72          0          0          0
      0.73          0          0          0
      0.74          0          0          0
      0.75          0          0          0
      0.76          0          0          0
      0.77          0          0          0
      0.78          0          0          0
      0.79          0          0          0
       0.8          0          0          0
      0.81          0          0          0
      0.82          0          0          0
      0.83          0          0          0
      0.84          0          0          0
      0.85          0          0          0
      0.86          0          0          0
      0.87          0          0          0
      0.88          0          0          0
      0.89          0          0          0
       0.9          0          0          0
      0.91          0          0          0
      0.92          0          0          0
      0.93          0          0          0
      0.94          0          0          0
      0.95          0          0          0
      0.96          0          0          0
      0.97          0          0          0
      0.98          0          0          0
      0.99          0          0          0
