         0          1   0.384732   0.555677
      0.01   0.999141   0.372746   0.542939
      0.02   0.998912   0.375221   0.545527
      0.03   0.996677   0.382915   0.553269
      0.04   0.931829   0.397909   0.557678
      0.05   0.890066   0.415705   0.566722
      0.06   0.847674   0.456232   0.593197
      0.07   0.810094   0.478913   0.601959
      0.08   0.738829   0.517971   0.608995
      0.09   0.681943   0.539206   0.602232
       0.1   0.574301   0.555837   0.564918
      0.11   0.465284   0.558238    0.50754
      0.12   0.395623   0.553841    0.46155
      0.13   0.314161   0.546414   0.398947
      0.14   0.276467   0.528112   0.362936
      0.15   0.230752   0.501577   0.316087
      0.16    0.20016   0.475494   0.281727
      0.17   0.156852   0.448776   0.232457
      0.18   0.128838   0.437632    0.19907
      0.19   0.105866   0.399481   0.167376
       0.2  0.0988772    0.36756   0.155834
      0.21  0.0778529   0.322695   0.125442
      0.22  0.0574588   0.282895   0.095517
      0.23  0.0477773   0.280654  0.0816541
      0.24  0.0406164   0.490066  0.0750156
      0.25  0.0363199          1   0.070094
      0.26  0.0221127          1  0.0432687
      0.27  0.0161549          1  0.0317961
      0.28 0.00527039          1  0.0104855
      0.29          0          0          0
       0.3          0          0          0
      0.31          0          0          0
      0.32          0          0          0
      0.33          0          0          0
      0.34          0          0          0
      0.35          0          0          0
      0.36          0          0          0
      0.37          0          0          0
      0.38          0          0          0
      0.39          0          0          0
       0.4          0          0          0
      0.41          0          0          0
      0.42          0          0          0
      0.43          0          0          0
      0.44          0          0          0
      0.45          0          0          0
      0.46          0          0          0
      0.47          0          0          0
      0.48          0          0          0
      0.49          0          0          0
       0.5          0          0          0
      0.51          0          0          0
      0.52          0          0          0
      0.53          0          0          0
      0.54          0          0          0
      0.55          0          0          0
      0.56          0          0          0
      0.57          0          0          0
      0.58          0          0          0
      0.59          0          0          0
       0.6          0          0          0
      0.61          0          0          0
      0.62          0          0          0
      0.63          0          0          0
      0.64          0          0          0
      0.65          0          0          0
      0.66          0          0          0
      0.67          0          0          0
      0.68          0          0          0
      0.69          0          0          0
       0.7          0          0          0
      0.71          0          0          0
      0.72          0          0          0
      0.73          0          0          0
      0.74          0          0          0
      0.75          0          0          0
      0.76          0          0          0
      0.77          0          0          0
      0.78          0          0          0
      0.79          0          0          0
       0.8          0          0          0
      0.81          0          0          0
      0.82          0          0          0
      0.83          0          0          0
      0.84          0          0          0
      0.85          0          0          0
      0.86          0          0          0
      0.87          0          0          0
      0.88          0          0          0
      0.89          0          0          0
       0.9          0          0          0
      0.91          0          0          0
      0.92          0          0          0
      0.93          0          0          0
      0.94          0          0          0
      0.95          0          0          0
      0.96          0          0          0
      0.97          0          0          0
      0.98          0          0          0
      0.99          0          0          0
