         0          1   0.289124   0.448559
      0.01   0.992969   0.282961   0.440418
      0.02   0.990933   0.305074   0.466522
      0.03    0.98943   0.325741   0.490123
      0.04   0.986908   0.361521   0.529191
      0.05   0.981963   0.384384   0.552496
      0.06   0.962616   0.418377   0.583256
      0.07   0.951901   0.440346   0.602143
      0.08   0.927366   0.474441   0.627734
      0.09   0.915196   0.491612   0.639634
       0.1   0.884503   0.517221   0.652744
      0.11   0.855896   0.542596   0.664152
      0.12   0.825543    0.55971   0.667119
      0.13   0.799118   0.588624   0.677907
      0.14   0.763043   0.604566   0.674623
      0.15   0.716689   0.635861    0.67386
      0.16   0.685609   0.665196   0.675248
      0.17   0.616903   0.723807   0.666093
      0.18   0.551493   0.742799   0.633008
      0.19   0.495151   0.751053   0.596828
       0.2   0.461016   0.748617   0.570627
      0.21   0.397304   0.723929   0.513042
      0.22    0.31987    0.68428   0.435952
      0.23   0.265807   0.647754   0.376937
      0.24   0.181342   0.620609   0.280672
      0.25   0.139886   0.616438   0.228026
      0.26  0.0896528   0.577626   0.155215
      0.27  0.0652638        0.5   0.115457
      0.28  0.0483902   0.388889  0.0860705
      0.29  0.0387413   0.323741  0.0692014
       0.3  0.0172614   0.777778  0.0337733
      0.31 0.00615787   0.666667   0.012203
      0.32 0.00155159        0.5 0.00309358
      0.33 0.00155159          1 0.00309837
      0.34          0          0          0
      0.35          0          0          0
      0.36          0          0          0
      0.37          0          0          0
      0.38          0          0          0
      0.39          0          0          0
       0.4          0          0          0
      0.41          0          0          0
      0.42          0          0          0
      0.43          0          0          0
      0.44          0          0          0
      0.45          0          0          0
      0.46          0          0          0
      0.47          0          0          0
      0.48          0          0          0
      0.49          0          0          0
       0.5          0          0          0
      0.51          0          0          0
      0.52          0          0          0
      0.53          0          0          0
      0.54          0          0          0
      0.55          0          0          0
      0.56          0          0          0
      0.57          0          0          0
      0.58          0          0          0
      0.59          0          0          0
       0.6          0          0          0
      0.61          0          0          0
      0.62          0          0          0
      0.63          0          0          0
      0.64          0          0          0
      0.65          0          0          0
      0.66          0          0          0
      0.67          0          0          0
      0.68          0          0          0
      0.69          0          0          0
       0.7          0          0          0
      0.71          0          0          0
      0.72          0          0          0
      0.73          0          0          0
      0.74          0          0          0
      0.75          0          0          0
      0.76          0          0          0
      0.77          0          0          0
      0.78          0          0          0
      0.79          0          0          0
       0.8          0          0          0
      0.81          0          0          0
      0.82          0          0          0
      0.83          0          0          0
      0.84          0          0          0
      0.85          0          0          0
      0.86          0          0          0
      0.87          0          0          0
      0.88          0          0          0
      0.89          0          0          0
       0.9          0          0          0
      0.91          0          0          0
      0.92          0          0          0
      0.93          0          0          0
      0.94          0          0          0
      0.95          0          0          0
      0.96          0          0          0
      0.97          0          0          0
      0.98          0          0          0
      0.99          0          0          0
