         0          1   0.108911   0.196429
      0.01   0.996245   0.126425   0.224377
      0.02   0.995976   0.130359   0.230543
      0.03   0.995306    0.13943   0.244596
      0.04   0.989941   0.161909     0.2783
      0.05    0.98699   0.179743   0.304104
      0.06   0.970359   0.205401   0.339037
      0.07   0.960032   0.218554   0.356052
      0.08   0.920198   0.231319   0.369702
      0.09   0.888278   0.239426   0.377186
       0.1   0.809415   0.240586   0.370921
      0.11   0.674088   0.233349   0.346686
      0.12    0.58007   0.226441   0.325728
      0.13   0.417382   0.215666   0.284386
      0.14   0.334764   0.222222   0.267123
      0.15   0.252146   0.225673   0.238176
      0.16   0.218079   0.222833    0.22043
      0.17   0.158262   0.220077    0.18412
      0.18   0.118696   0.213453   0.152558
      0.19  0.0929453   0.202733   0.127457
       0.2  0.0832886   0.202957   0.118108
      0.21   0.051368   0.195688  0.0813751
      0.22  0.0422479   0.185047  0.0687903
      0.23  0.0343348   0.155925  0.0562773
      0.24  0.0242758   0.127711  0.0407967
      0.25  0.0179721   0.114754  0.0310771
      0.26 0.00831545  0.0924658  0.0152587
      0.27 0.00737661  0.0883534  0.0136164
      0.28 0.00402361  0.0734463 0.00762926
      0.29  0.0026824      0.064   0.005149
       0.3          0          0          0
      0.31          0          0          0
      0.32          0          0          0
      0.33          0          0          0
      0.34          0          0          0
      0.35          0          0          0
      0.36          0          0          0
      0.37          0          0          0
      0.38          0          0          0
      0.39          0          0          0
       0.4          0          0          0
      0.41          0          0          0
      0.42          0          0          0
      0.43          0          0          0
      0.44          0          0          0
      0.45          0          0          0
      0.46          0          0          0
      0.47          0          0          0
      0.48          0          0          0
      0.49          0          0          0
       0.5          0          0          0
      0.51          0          0          0
      0.52          0          0          0
      0.53          0          0          0
      0.54          0          0          0
      0.55          0          0          0
      0.56          0          0          0
      0.57          0          0          0
      0.58          0          0          0
      0.59          0          0          0
       0.6          0          0          0
      0.61          0          0          0
      0.62          0          0          0
      0.63          0          0          0
      0.64          0          0          0
      0.65          0          0          0
      0.66          0          0          0
      0.67          0          0          0
      0.68          0          0          0
      0.69          0          0          0
       0.7          0          0          0
      0.71          0          0          0
      0.72          0          0          0
      0.73          0          0          0
      0.74          0          0          0
      0.75          0          0          0
      0.76          0          0          0
      0.77          0          0          0
      0.78          0          0          0
      0.79          0          0          0
       0.8          0          0          0
      0.81          0          0          0
      0.82          0          0          0
      0.83          0          0          0
      0.84          0          0          0
      0.85          0          0          0
      0.86          0          0          0
      0.87          0          0          0
      0.88          0          0          0
      0.89          0          0          0
       0.9          0          0          0
      0.91          0          0          0
      0.92          0          0          0
      0.93          0          0          0
      0.94          0          0          0
      0.95          0          0          0
      0.96          0          0          0
      0.97          0          0          0
      0.98          0          0          0
      0.99          0          0          0
