         0          1   0.354609   0.523559
      0.01   0.998471   0.355787   0.524631
      0.02   0.998471   0.362177   0.531545
      0.03   0.998229   0.367002   0.536689
      0.04   0.996176   0.381497    0.55171
      0.05   0.992151   0.393991   0.564009
      0.06   0.984987   0.415537   0.584493
      0.07    0.97899   0.429363   0.596927
      0.08   0.951057   0.451064   0.611912
      0.09   0.938338   0.466486   0.623169
       0.1   0.908312   0.488806   0.635577
      0.11   0.867539    0.51271   0.644515
      0.12   0.839807   0.528232   0.648538
      0.13    0.78555     0.5527   0.648868
      0.14   0.742161   0.567714   0.643322
      0.15   0.676997   0.586352   0.628423
      0.16    0.63063   0.606543   0.618352
      0.17   0.569491   0.638995   0.602244
      0.18   0.530127   0.647904   0.583128
      0.19    0.46774   0.672749   0.551819
       0.2   0.427692   0.673498   0.523161
      0.21   0.363936   0.666058   0.470688
      0.22   0.286979   0.611921   0.390719
      0.23   0.219441   0.562397   0.315699
      0.24   0.138579   0.488457   0.215905
      0.25  0.0978869   0.444611   0.160449
      0.26  0.0671362   0.412916   0.115494
      0.27  0.0505534   0.389423  0.0894897
      0.28  0.0396056   0.367925   0.071513
      0.29  0.0264037   0.333333  0.0489315
       0.3  0.0136848   0.630769  0.0267885
      0.31 0.00656068   0.619048  0.0129838
      0.32 0.00615818    0.69697  0.0122085
      0.33 0.00301872   0.772727 0.00601394
      0.34 0.00265647   0.928571 0.00529778
      0.35 0.00104649          1 0.00209079
      0.36          0          0          0
      0.37          0          0          0
      0.38          0          0          0
      0.39          0          0          0
       0.4          0          0          0
      0.41          0          0          0
      0.42          0          0          0
      0.43          0          0          0
      0.44          0          0          0
      0.45          0          0          0
      0.46          0          0          0
      0.47          0          0          0
      0.48          0          0          0
      0.49          0          0          0
       0.5          0          0          0
      0.51          0          0          0
      0.52          0          0          0
      0.53          0          0          0
      0.54          0          0          0
      0.55          0          0          0
      0.56          0          0          0
      0.57          0          0          0
      0.58          0          0          0
      0.59          0          0          0
       0.6          0          0          0
      0.61          0          0          0
      0.62          0          0          0
      0.63          0          0          0
      0.64          0          0          0
      0.65          0          0          0
      0.66          0          0          0
      0.67          0          0          0
      0.68          0          0          0
      0.69          0          0          0
       0.7          0          0          0
      0.71          0          0          0
      0.72          0          0          0
      0.73          0          0          0
      0.74          0          0          0
      0.75          0          0          0
      0.76          0          0          0
      0.77          0          0          0
      0.78          0          0          0
      0.79          0          0          0
       0.8          0          0          0
      0.81          0          0          0
      0.82          0          0          0
      0.83          0          0          0
      0.84          0          0          0
      0.85          0          0          0
      0.86          0          0          0
      0.87          0          0          0
      0.88          0          0          0
      0.89          0          0          0
       0.9          0          0          0
      0.91          0          0          0
      0.92          0          0          0
      0.93          0          0          0
      0.94          0          0          0
      0.95          0          0          0
      0.96          0          0          0
      0.97          0          0          0
      0.98          0          0          0
      0.99          0          0          0
