         0          1   0.308236   0.471224
      0.01   0.996278   0.349953   0.517965
      0.02   0.996127   0.390812   0.561378
      0.03   0.994567   0.401927   0.572496
      0.04   0.991147   0.416451    0.58648
      0.05   0.987525   0.425418   0.594661
      0.06   0.973491   0.435343   0.601636
      0.07    0.95669   0.440746   0.603473
      0.08   0.918964   0.444945   0.599583
      0.09   0.889437   0.446426   0.594474
       0.1   0.826911   0.446592   0.579963
      0.11   0.777012   0.447076    0.56758
      0.12   0.747686   0.447726   0.560072
      0.13   0.673642   0.443475   0.534847
      0.14   0.622535   0.440212   0.515734
      0.15   0.547284   0.439279   0.487369
      0.16    0.49331   0.435739   0.462741
      0.17   0.411167   0.444249   0.427068
      0.18   0.369316   0.454822   0.407633
      0.19   0.291398   0.479898   0.362614
       0.2   0.270372   0.504803   0.352139
      0.21   0.205483   0.554156   0.299799
      0.22   0.162022   0.644286    0.25893
      0.23    0.12671   0.699789   0.214569
      0.24  0.0881288   0.781955   0.158405
      0.25  0.0794266   0.870968   0.145577
      0.26  0.0498994   0.945055  0.0947936
      0.27  0.0350101   0.981132  0.0676077
      0.28   0.017505          1  0.0344078
      0.29 0.00462777          1  0.0092129
       0.3 0.00105634          1 0.00211045
      0.31          0          0          0
      0.32          0          0          0
      0.33          0          0          0
      0.34          0          0          0
      0.35          0          0          0
      0.36          0          0          0
      0.37          0          0          0
      0.38          0          0          0
      0.39          0          0          0
       0.4          0          0          0
      0.41          0          0          0
      0.42          0          0          0
      0.43          0          0          0
      0.44          0          0          0
      0.45          0          0          0
      0.46          0          0          0
      0.47          0          0          0
      0.48          0          0          0
      0.49          0          0          0
       0.5          0          0          0
      0.51          0          0          0
      0.52          0          0          0
      0.53          0          0          0
      0.54          0          0          0
      0.55          0          0          0
      0.56          0          0          0
      0.57          0          0          0
      0.58          0          0          0
      0.59          0          0          0
       0.6          0          0          0
      0.61          0          0          0
      0.62          0          0          0
      0.63          0          0          0
      0.64          0          0          0
      0.65          0          0          0
      0.66          0          0          0
      0.67          0          0          0
      0.68          0          0          0
      0.69          0          0          0
       0.7          0          0          0
      0.71          0          0          0
      0.72          0          0          0
      0.73          0          0          0
      0.74          0          0          0
      0.75          0          0          0
      0.76          0          0          0
      0.77          0          0          0
      0.78          0          0          0
      0.79          0          0          0
       0.8          0          0          0
      0.81          0          0          0
      0.82          0          0          0
      0.83          0          0          0
      0.84          0          0          0
      0.85          0          0          0
      0.86          0          0          0
      0.87          0          0          0
      0.88          0          0          0
      0.89          0          0          0
       0.9          0          0          0
      0.91          0          0          0
      0.92          0          0          0
      0.93          0          0          0
      0.94          0          0          0
      0.95          0          0          0
      0.96          0          0          0
      0.97          0          0          0
      0.98          0          0          0
      0.99          0          0          0
