         0          1   0.363236   0.532903
      0.01          1   0.346946    0.51516
      0.02          1    0.34709   0.515319
      0.03          1   0.347688   0.515977
      0.04   0.999871   0.348789   0.517171
      0.05   0.999053   0.349727   0.518092
      0.06   0.993456   0.355159   0.523255
      0.07   0.967666    0.35483   0.519255
      0.08   0.890209   0.360247   0.512925
      0.09    0.81314   0.364468   0.503331
       0.1   0.650306   0.375263   0.475903
      0.11   0.547145   0.399772    0.46199
      0.12   0.482692   0.422511   0.450601
      0.13   0.401834   0.457134   0.427704
      0.14   0.355894   0.481998   0.409457
      0.15   0.293809   0.497027   0.369308
      0.16   0.258417   0.493721   0.339262
      0.17   0.220486   0.471802   0.300527
      0.18   0.194007   0.449649   0.271061
      0.19   0.143847   0.409434   0.212897
       0.2   0.101955   0.381365   0.160895
      0.21  0.0784466   0.357625   0.128669
      0.22  0.0551107   0.330922  0.0944859
      0.23  0.0344442   0.309353  0.0619866
      0.24  0.0182554    0.31068  0.0344845
      0.25 0.00891243   0.349398  0.0173815
      0.26 0.00193748        0.5 0.00386001
      0.27 0.000774994        0.8 0.00154849
      0.28 0.000344442          1 0.000688646
      0.29          0          0          0
       0.3          0          0          0
      0.31          0          0          0
      0.32          0          0          0
      0.33          0          0          0
      0.34          0          0          0
      0.35          0          0          0
      0.36          0          0          0
      0.37          0          0          0
      0.38          0          0          0
      0.39          0          0          0
       0.4          0          0          0
      0.41          0          0          0
      0.42          0          0          0
      0.43          0          0          0
      0.44          0          0          0
      0.45          0          0          0
      0.46          0          0          0
      0.47          0          0          0
      0.48          0          0          0
      0.49          0          0          0
       0.5          0          0          0
      0.51          0          0          0
      0.52          0          0          0
      0.53          0          0          0
      0.54          0          0          0
      0.55          0          0          0
      0.56          0          0          0
      0.57          0          0          0
      0.58          0          0          0
      0.59          0          0          0
       0.6          0          0          0
      0.61          0          0          0
      0.62          0          0          0
      0.63          0          0          0
      0.64          0          0          0
      0.65          0          0          0
      0.66          0          0          0
      0.67          0          0          0
      0.68          0          0          0
      0.69          0          0          0
       0.7          0          0          0
      0.71          0          0          0
      0.72          0          0          0
      0.73          0          0          0
      0.74          0          0          0
      0.75          0          0          0
      0.76          0          0          0
      0.77          0          0          0
      0.78          0          0          0
      0.79          0          0          0
       0.8          0          0          0
      0.81          0          0          0
      0.82          0          0          0
      0.83          0          0          0
      0.84          0          0          0
      0.85          0          0          0
      0.86          0          0          0
      0.87          0          0          0
      0.88          0          0          0
      0.89          0          0          0
       0.9          0          0          0
      0.91          0          0          0
      0.92          0          0          0
      0.93          0          0          0
      0.94          0          0          0
      0.95          0          0          0
      0.96          0          0          0
      0.97          0          0          0
      0.98          0          0          0
      0.99          0          0          0
