         0          1   0.164811   0.282983
      0.01   0.999905   0.158449    0.27355
      0.02   0.999905   0.162903   0.280163
      0.03   0.999619   0.165822   0.284456
      0.04   0.996094   0.174556   0.297056
      0.05   0.991236   0.185596   0.312652
      0.06   0.974564   0.205618   0.339588
      0.07    0.94265   0.219617   0.356238
      0.08   0.872726   0.241884   0.378784
      0.09    0.81671   0.255361   0.389071
       0.1   0.708964   0.274359   0.395619
      0.11    0.57102   0.280107   0.375847
      0.12   0.512242   0.272828   0.356029
      0.13   0.410022   0.249023   0.309857
      0.14   0.345623   0.227549   0.274424
      0.15   0.269125   0.200474   0.229781
      0.16   0.204439   0.167279   0.184002
      0.17    0.12375   0.127778   0.125731
      0.18  0.0856435   0.114178  0.0978735
      0.19  0.0687816   0.101161  0.0818866
       0.2   0.049538   0.109649  0.0682442
      0.21  0.0241974  0.0836653  0.0375381
      0.22  0.0120034  0.0733945  0.0206325
      0.23  0.0114318  0.0793651   0.019985
      0.24 0.00857388  0.0606061  0.0150225
      0.25          0          0          0
      0.26          0          0          0
      0.27          0          0          0
      0.28          0          0          0
      0.29          0          0          0
       0.3          0          0          0
      0.31          0          0          0
      0.32          0          0          0
      0.33          0          0          0
      0.34          0          0          0
      0.35          0          0          0
      0.36          0          0          0
      0.37          0          0          0
      0.38          0          0          0
      0.39          0          0          0
       0.4          0          0          0
      0.41          0          0          0
      0.42          0          0          0
      0.43          0          0          0
      0.44          0          0          0
      0.45          0          0          0
      0.46          0          0          0
      0.47          0          0          0
      0.48          0          0          0
      0.49          0          0          0
       0.5          0          0          0
      0.51          0          0          0
      0.52          0          0          0
      0.53          0          0          0
      0.54          0          0          0
      0.55          0          0          0
      0.56          0          0          0
      0.57          0          0          0
      0.58          0          0          0
      0.59          0          0          0
       0.6          0          0          0
      0.61          0          0          0
      0.62          0          0          0
      0.63          0          0          0
      0.64          0          0          0
      0.65          0          0          0
      0.66          0          0          0
      0.67          0          0          0
      0.68          0          0          0
      0.69          0          0          0
       0.7          0          0          0
      0.71          0          0          0
      0.72          0          0          0
      0.73          0          0          0
      0.74          0          0          0
      0.75          0          0          0
      0.76          0          0          0
      0.77          0          0          0
      0.78          0          0          0
      0.79          0          0          0
       0.8          0          0          0
      0.81          0          0          0
      0.82          0          0          0
      0.83          0          0          0
      0.84          0          0          0
      0.85          0          0          0
      0.86          0          0          0
      0.87          0          0          0
      0.88          0          0          0
      0.89          0          0          0
       0.9          0          0          0
      0.91          0          0          0
      0.92          0          0          0
      0.93          0          0          0
      0.94          0          0          0
      0.95          0          0          0
      0.96          0          0          0
      0.97          0          0          0
      0.98          0          0          0
      0.99          0          0          0
