         0          1   0.317058   0.481463
      0.01   0.993392   0.311233    0.47397
      0.02   0.992902     0.3141   0.477231
      0.03   0.990797   0.320623   0.484471
      0.04   0.987224   0.332917   0.497922
      0.05   0.979588   0.341384   0.506317
      0.06   0.955113    0.35437   0.516942
      0.07   0.937442   0.364293   0.524689
      0.08    0.89838   0.379257   0.533355
      0.09   0.870087   0.387495   0.536194
       0.1   0.821675   0.394927   0.533456
      0.11   0.770375   0.405346   0.531195
      0.12   0.731264   0.413914   0.528618
      0.13   0.680552   0.428411   0.525818
      0.14   0.652749   0.441948   0.527052
      0.15   0.606295    0.45916   0.522568
      0.16   0.566009   0.474777   0.516394
      0.17    0.50115   0.493783    0.49744
      0.18   0.468892   0.509777   0.488481
      0.19   0.410152   0.533529   0.463775
       0.2   0.382006   0.541423   0.447954
      0.21   0.333692   0.549969   0.415364
      0.22   0.269861    0.55538   0.363229
      0.23   0.229918   0.566891   0.327151
      0.24   0.192178   0.574545   0.288018
      0.25   0.163493   0.583459   0.255415
      0.26   0.120368   0.565875   0.198511
      0.27  0.0909002   0.567416   0.156697
      0.28  0.0661804   0.556522   0.118294
      0.29  0.0421949   0.554839  0.0784256
       0.3  0.0304959   0.643836  0.0582334
      0.31  0.0182094   0.538462  0.0352275
      0.32 0.00778305        0.5  0.0153275
      0.33          0          0          0
      0.34          0          0          0
      0.35          0          0          0
      0.36          0          0          0
      0.37          0          0          0
      0.38          0          0          0
      0.39          0          0          0
       0.4          0          0          0
      0.41          0          0          0
      0.42          0          0          0
      0.43          0          0          0
      0.44          0          0          0
      0.45          0          0          0
      0.46          0          0          0
      0.47          0          0          0
      0.48          0          0          0
      0.49          0          0          0
       0.5          0          0          0
      0.51          0          0          0
      0.52          0          0          0
      0.53          0          0          0
      0.54          0          0          0
      0.55          0          0          0
      0.56          0          0          0
      0.57          0          0          0
      0.58          0          0          0
      0.59          0          0          0
       0.6          0          0          0
      0.61          0          0          0
      0.62          0          0          0
      0.63          0          0          0
      0.64          0          0          0
      0.65          0          0          0
      0.66          0          0          0
      0.67          0          0          0
      0.68          0          0          0
      0.69          0          0          0
       0.7          0          0          0
      0.71          0          0          0
      0.72          0          0          0
      0.73          0          0          0
      0.74          0          0          0
      0.75          0          0          0
      0.76          0          0          0
      0.77          0          0          0
      0.78          0          0          0
      0.79          0          0          0
       0.8          0          0          0
      0.81          0          0          0
      0.82          0          0          0
      0.83          0          0          0
      0.84          0          0          0
      0.85          0          0          0
      0.86          0          0          0
      0.87          0          0          0
      0.88          0          0          0
      0.89          0          0          0
       0.9          0          0          0
      0.91          0          0          0
      0.92          0          0          0
      0.93          0          0          0
      0.94          0          0          0
      0.95          0          0          0
      0.96          0          0          0
      0.97          0          0          0
      0.98          0          0          0
      0.99          0          0          0
