         0          1    0.28722   0.446264
      0.01   0.999285   0.293792   0.454083
      0.02    0.99806   0.309854   0.472895
      0.03   0.991373   0.323758   0.488111
      0.04   0.967584   0.342847   0.506296
      0.05   0.948389   0.353857   0.515408
      0.06    0.91628   0.366236   0.523307
      0.07   0.903211   0.373425   0.528392
      0.08   0.862168    0.38073   0.528206
      0.09   0.834244    0.39118   0.532615
       0.1   0.793762   0.394557   0.527104
      0.11   0.739037   0.392699   0.512875
      0.12   0.707999   0.396944   0.508689
      0.13   0.650773    0.40147   0.496589
      0.14   0.590229   0.398589   0.475839
      0.15   0.510848   0.397196    0.44691
      0.16   0.460105   0.401522   0.428822
      0.17   0.368013   0.405136   0.385683
      0.18   0.319975   0.415711   0.361614
      0.19   0.257594   0.436888   0.324097
       0.2   0.223952   0.454887   0.300139
      0.21   0.168207        0.5   0.251728
      0.22    0.13043   0.555556   0.211262
      0.23   0.119863   0.605727   0.200125
      0.24  0.0653938   0.674286   0.119225
      0.25  0.0443106   0.828125  0.0841201
      0.26  0.0109755          1  0.0217128
      0.27          0          0          0
      0.28          0          0          0
      0.29          0          0          0
       0.3          0          0          0
      0.31          0          0          0
      0.32          0          0          0
      0.33          0          0          0
      0.34          0          0          0
      0.35          0          0          0
      0.36          0          0          0
      0.37          0          0          0
      0.38          0          0          0
      0.39          0          0          0
       0.4          0          0          0
      0.41          0          0          0
      0.42          0          0          0
      0.43          0          0          0
      0.44          0          0          0
      0.45          0          0          0
      0.46          0          0          0
      0.47          0          0          0
      0.48          0          0          0
      0.49          0          0          0
       0.5          0          0          0
      0.51          0          0          0
      0.52          0          0          0
      0.53          0          0          0
      0.54          0          0          0
      0.55          0          0          0
      0.56          0          0          0
      0.57          0          0          0
      0.58          0          0          0
      0.59          0          0          0
       0.6          0          0          0
      0.61          0          0          0
      0.62          0          0          0
      0.63          0          0          0
      0.64          0          0          0
      0.65          0          0          0
      0.66          0          0          0
      0.67          0          0          0
      0.68          0          0          0
      0.69          0          0          0
       0.7          0          0          0
      0.71          0          0          0
      0.72          0          0          0
      0.73          0          0          0
      0.74          0          0          0
      0.75          0          0          0
      0.76          0          0          0
      0.77          0          0          0
      0.78          0          0          0
      0.79          0          0          0
       0.8          0          0          0
      0.81          0          0          0
      0.82          0          0          0
      0.83          0          0          0
      0.84          0          0          0
      0.85          0          0          0
      0.86          0          0          0
      0.87          0          0          0
      0.88          0          0          0
      0.89          0          0          0
       0.9          0          0          0
      0.91          0          0          0
      0.92          0          0          0
      0.93          0          0          0
      0.94          0          0          0
      0.95          0          0          0
      0.96          0          0          0
      0.97          0          0          0
      0.98          0          0          0
      0.99          0          0          0
