         0          1   0.273534   0.429567
      0.01   0.999613   0.303338   0.465437
      0.02    0.99908   0.313506   0.477253
      0.03   0.997386   0.330066   0.495993
      0.04   0.996514   0.357174   0.525866
      0.05   0.995449   0.375497   0.545299
      0.06   0.990754        0.4   0.569909
      0.07   0.987171   0.413322    0.58268
      0.08   0.981411   0.429932   0.597927
      0.09   0.975553   0.440894   0.607316
       0.1   0.968582   0.453659   0.617906
      0.11   0.958029   0.464454   0.625611
      0.12   0.949218    0.46831   0.627188
      0.13   0.922496   0.468256   0.621195
      0.14   0.884349   0.463827   0.608503
      0.15   0.786465   0.459295   0.579918
      0.16   0.694825   0.460572   0.553952
      0.17   0.548192     0.4658   0.503648
      0.18   0.466525   0.472505   0.469496
      0.19   0.390957   0.509671    0.44249
       0.2   0.375708   0.531123   0.440098
      0.21    0.34003   0.566012   0.424839
      0.22   0.313017   0.626998    0.41757
      0.23   0.291039    0.67552    0.40681
      0.24   0.266012   0.727768   0.389613
      0.25   0.252941   0.760339   0.379601
      0.26   0.234545   0.780952   0.360747
      0.27   0.213826   0.773424   0.335028
      0.28   0.152491   0.728767   0.252208
      0.29     0.1096   0.683794   0.188919
       0.3   0.046667   0.870968  0.0885874
      0.31  0.0306434   0.846154  0.0591448
      0.32  0.0143293      0.875  0.0281968
      0.33          0          0          0
      0.34          0          0          0
      0.35          0          0          0
      0.36          0          0          0
      0.37          0          0          0
      0.38          0          0          0
      0.39          0          0          0
       0.4          0          0          0
      0.41          0          0          0
      0.42          0          0          0
      0.43          0          0          0
      0.44          0          0          0
      0.45          0          0          0
      0.46          0          0          0
      0.47          0          0          0
      0.48          0          0          0
      0.49          0          0          0
       0.5          0          0          0
      0.51          0          0          0
      0.52          0          0          0
      0.53          0          0          0
      0.54          0          0          0
      0.55          0          0          0
      0.56          0          0          0
      0.57          0          0          0
      0.58          0          0          0
      0.59          0          0          0
       0.6          0          0          0
      0.61          0          0          0
      0.62          0          0          0
      0.63          0          0          0
      0.64          0          0          0
      0.65          0          0          0
      0.66          0          0          0
      0.67          0          0          0
      0.68          0          0          0
      0.69          0          0          0
       0.7          0          0          0
      0.71          0          0          0
      0.72          0          0          0
      0.73          0          0          0
      0.74          0          0          0
      0.75          0          0          0
      0.76          0          0          0
      0.77          0          0          0
      0.78          0          0          0
      0.79          0          0          0
       0.8          0          0          0
      0.81          0          0          0
      0.82          0          0          0
      0.83          0          0          0
      0.84          0          0          0
      0.85          0          0          0
      0.86          0          0          0
      0.87          0          0          0
      0.88          0          0          0
      0.89          0          0          0
       0.9          0          0          0
      0.91          0          0          0
      0.92          0          0          0
      0.93          0          0          0
      0.94          0          0          0
      0.95          0          0          0
      0.96          0          0          0
      0.97          0          0          0
      0.98          0          0          0
      0.99          0          0          0
