         0          1   0.279386    0.43675
      0.01     0.9961   0.295422   0.455694
      0.02   0.993219   0.318805   0.482679
      0.03   0.988032   0.330009   0.494764
      0.04   0.973238   0.346883   0.511468
      0.05   0.958678   0.358818   0.522188
      0.06   0.930603   0.378407   0.538035
      0.07   0.905911   0.392487   0.547687
      0.08   0.860697    0.41334   0.558477
      0.09   0.825229   0.426836    0.56265
       0.1   0.767373   0.446435   0.564475
      0.11   0.702737   0.465677   0.560159
      0.12   0.657195   0.476735   0.552605
      0.13   0.584675   0.492257     0.5345
      0.14   0.535449   0.502163   0.518272
      0.15   0.469835   0.517106   0.492338
      0.16   0.426716   0.529399   0.472544
      0.17   0.369603   0.548504   0.441623
      0.18   0.335737   0.558319   0.419321
      0.19   0.288754   0.574821   0.384406
       0.2   0.262941   0.586118   0.363025
      0.21   0.224485    0.60141   0.326936
      0.22   0.188963   0.617238   0.289345
      0.23   0.167406   0.627426   0.264294
      0.24   0.138949   0.643216    0.22853
      0.25   0.122883   0.653741   0.206879
      0.26  0.0996322    0.65747   0.173042
      0.27  0.0840553   0.645253   0.148735
      0.28  0.0620191   0.609218   0.112578
      0.29  0.0445168   0.580438  0.0826916
       0.3   0.023813   0.653248  0.0459509
      0.31  0.0110634   0.593012  0.0217215
      0.32 0.00583577   0.546737  0.0115483
      0.33  0.0011757   0.340164  0.0023433
      0.34 0.000448514   0.271084 0.000895547
      0.35 0.000145437   0.147826 0.000290587
      0.36 1.42386e-05  0.0333333 2.84649e-05
      0.37          0          0          0
      0.38          0          0          0
      0.39          0          0          0
       0.4          0          0          0
      0.41          0          0          0
      0.42          0          0          0
      0.43          0          0          0
      0.44          0          0          0
      0.45          0          0          0
      0.46          0          0          0
      0.47          0          0          0
      0.48          0          0          0
      0.49          0          0          0
       0.5          0          0          0
      0.51          0          0          0
      0.52          0          0          0
      0.53          0          0          0
      0.54          0          0          0
      0.55          0          0          0
      0.56          0          0          0
      0.57          0          0          0
      0.58          0          0          0
      0.59          0          0          0
       0.6          0          0          0
      0.61          0          0          0
      0.62          0          0          0
      0.63          0          0          0
      0.64          0          0          0
      0.65          0          0          0
      0.66          0          0          0
      0.67          0          0          0
      0.68          0          0          0
      0.69          0          0          0
       0.7          0          0          0
      0.71          0          0          0
      0.72          0          0          0
      0.73          0          0          0
      0.74          0          0          0
      0.75          0          0          0
      0.76          0          0          0
      0.77          0          0          0
      0.78          0          0          0
      0.79          0          0          0
       0.8          0          0          0
      0.81          0          0          0
      0.82          0          0          0
      0.83          0          0          0
      0.84          0          0          0
      0.85          0          0          0
      0.86          0          0          0
      0.87          0          0          0
      0.88          0          0          0
      0.89          0          0          0
       0.9          0          0          0
      0.91          0          0          0
      0.92          0          0          0
      0.93          0          0          0
      0.94          0          0          0
      0.95          0          0          0
      0.96          0          0          0
      0.97          0          0          0
      0.98          0          0          0
      0.99          0          0          0
