    119082       0.12   0.870973   0.700367   0.776408
     58060          0          1   0.374026   0.544424
     42049       0.11   0.973913   0.803913   0.880785
     24077  0.0746465   0.906464   0.569834    0.69977
     78004       0.13   0.799118   0.588624   0.677907
     45096       0.07   0.775099   0.750329   0.762513
     38092       0.12   0.867726    0.62337   0.725526
     43074       0.11   0.503791   0.493466   0.498575
     16077   0.117172   0.714233   0.466533   0.564402
     86000       0.07    0.95669   0.440746   0.603473
    101085   0.140303   0.816076   0.605943   0.695484
     89072       0.09   0.834244    0.39118   0.532615
    126007  0.0869697   0.848563   0.591968   0.697413
     76053       0.08   0.738829   0.517971   0.608995
     86016          0          1   0.363236   0.532903
    103070  0.0477778    0.89534   0.392137   0.545402
      8023       0.09   0.888278   0.239426   0.377186
     41033  0.0931313   0.745323   0.459624   0.568603
    109053   0.060303   0.896589   0.355239   0.508861
    130026       0.17   0.438389   0.418792   0.428366
    108082       0.07   0.859474   0.181112    0.29918
     69040          0          1   0.319512   0.484288
     14037       0.08   0.706776     0.6283   0.665231
     54082  0.0454545   0.914745   0.564522   0.698175
     62096       0.23   0.715631   0.710843   0.713229
     12084        0.1   0.866882   0.329223   0.477211
     69015  0.0889899   0.788507   0.825054   0.806367
     97033       0.12   0.949218    0.46831   0.627188
     19021        0.1    0.82576   0.624735   0.711317
     86068        0.1   0.708964   0.274359   0.395619
      3096       0.03   0.856131   0.546352    0.66703
     41069       0.14   0.569347    0.29582   0.389345
     21077       0.08   0.957458   0.503331   0.659806
    108070          0          1   0.230724    0.37494
    123074   0.117576    0.43879   0.296684   0.354008
     38082       0.08   0.851089   0.479729   0.613596
     33039          0          1   0.331079    0.49746
    108005       0.08   0.892624    0.32734   0.479017
    106024        0.1   0.551848   0.463645   0.503916
    102061        0.1   0.813177   0.366354   0.505134
     37073       0.05   0.977464    0.78653   0.871664
     65033   0.105556   0.797945   0.525193   0.633456
     55073       0.11   0.794095   0.487235   0.603921
     66053   0.100808   0.717456   0.467527   0.566135
     85048   0.125859    0.80802   0.542567   0.649206
     42012  0.0587879   0.845136   0.477193   0.609974
     87046       0.09   0.870087   0.387495   0.536194
    105025       0.11   0.772296   0.390428   0.518654
    101087       0.09   0.886982   0.625392   0.733564
     69020  0.0988889   0.771216   0.453589   0.571218
