         0          1   0.296598   0.457502
      0.01   0.998328   0.380488   0.550983
      0.02   0.996895   0.416336   0.587368
      0.03   0.995661   0.459562   0.628863
      0.04   0.991242   0.481371   0.648039
      0.05   0.989132   0.491649   0.656824
      0.06   0.984634   0.509344   0.671385
      0.07   0.981409   0.522857   0.682242
      0.08   0.975239   0.539593   0.694773
      0.09   0.970382    0.55089   0.702798
       0.1   0.959236    0.56655   0.712361
      0.11   0.944785   0.582229   0.720467
      0.12   0.930533   0.591813   0.723491
      0.13   0.910231   0.606362   0.727854
      0.14   0.897611   0.618953   0.732681
      0.15    0.86664   0.634493   0.732616
      0.16    0.84578   0.645324   0.732078
      0.17   0.801274   0.657104   0.722063
      0.18   0.779419   0.664207   0.717215
      0.19   0.741282    0.67718   0.707782
       0.2   0.715645   0.686779   0.700915
      0.21   0.684674   0.692194   0.688413
      0.22   0.647611   0.698512   0.672099
      0.23   0.609395    0.70177   0.652328
      0.24   0.551553   0.698464   0.616375
      0.25   0.526274   0.694201   0.598685
      0.26   0.488893   0.696255   0.574433
      0.27   0.463694   0.692187   0.555357
      0.28   0.427428   0.681914   0.525482
      0.29     0.4084   0.673197   0.508384
       0.3   0.386146   0.664617   0.488482
      0.31   0.362182   0.657186   0.466997
      0.32   0.348646   0.647405   0.453221
      0.33   0.329658   0.633048   0.433547
      0.34   0.317436   0.621442   0.420221
      0.35   0.286664   0.631469   0.394321
      0.36   0.268153   0.615672    0.37359
      0.37   0.239689   0.590391   0.340956
      0.38   0.229618   0.576227   0.328381
      0.39   0.205573   0.544854   0.298516
       0.4   0.190725   0.514781   0.278329
      0.41   0.176791   0.471783   0.257202
      0.42    0.15199   0.404639   0.220977
      0.43    0.14574   0.368567   0.208883
      0.44    0.12492   0.323263   0.180204
      0.45   0.111783   0.285942   0.160732
      0.46  0.0904459   0.206093   0.125719
      0.47  0.0635748    0.15087  0.0894546
      0.48  0.0398487   0.113253  0.0589541
      0.49  0.0265525  0.0887372  0.0408744
       0.5  0.0122213  0.0722222  0.0209051
      0.51 0.00609076  0.0496894  0.0108514
      0.52 0.00250796  0.0394737 0.00471627
      0.53 0.00250796  0.0428571 0.00473862
      0.54 0.00250796  0.0437956 0.00474424
      0.55 0.00250796       0.04 0.00471999
      0.56 0.00250796  0.0347826 0.00467858
      0.57 0.00250796    0.03125 0.00464328
      0.58 0.00250796  0.0322581 0.00465408
      0.59 0.00147293  0.0229885 0.00276848
       0.6          0          0          0
      0.61          0          0          0
      0.62          0          0          0
      0.63          0          0          0
      0.64          0          0          0
      0.65          0          0          0
      0.66          0          0          0
      0.67          0          0          0
      0.68          0          0          0
      0.69          0          0          0
       0.7          0          0          0
      0.71          0          0          0
      0.72          0          0          0
      0.73          0          0          0
      0.74          0          0          0
      0.75          0          0          0
      0.76          0          0          0
      0.77          0          0          0
      0.78          0          0          0
      0.79          0          0          0
       0.8          0          0          0
      0.81          0          0          0
      0.82          0          0          0
      0.83          0          0          0
      0.84          0          0          0
      0.85          0          0          0
      0.86          0          0          0
      0.87          0          0          0
      0.88          0          0          0
      0.89          0          0          0
       0.9          0          0          0
      0.91          0          0          0
      0.92          0          0          0
      0.93          0          0          0
      0.94          0          0          0
      0.95          0          0          0
      0.96          0          0          0
      0.97          0          0          0
      0.98          0          0          0
      0.99          0          0          0
