         0          1   0.295659   0.456384
      0.01   0.999022   0.288155   0.447294
      0.02   0.998983    0.28889   0.448175
      0.03   0.998788   0.289515   0.448907
      0.04    0.99871   0.291814   0.451658
      0.05    0.99871   0.295868   0.456498
      0.06    0.99871   0.307084   0.469734
      0.07   0.998436   0.317124   0.481358
      0.08   0.998397   0.333957     0.5005
      0.09   0.998397   0.346763   0.514745
       0.1   0.997106   0.365461   0.534878
      0.11   0.993743   0.386689   0.556738
      0.12   0.992648   0.399628   0.569844
      0.13   0.987604   0.416689   0.586094
      0.14   0.983067   0.428807   0.597144
      0.15   0.970358   0.447042   0.612094
      0.16   0.962185   0.461625   0.623915
      0.17   0.945722   0.483233   0.639634
      0.18     0.9388   0.498683   0.651366
      0.19   0.914125   0.520915   0.663649
       0.2   0.895198   0.536485   0.670903
      0.21   0.867629    0.56673   0.685618
      0.22   0.833138   0.592784   0.692704
      0.23   0.810261   0.608203   0.694841
      0.24   0.776474   0.633007   0.697439
      0.25   0.747458   0.642873   0.691232
      0.26   0.700727   0.664838   0.682311
      0.27    0.67832   0.676606   0.677462
      0.28   0.653175   0.690301   0.671225
      0.29   0.628148   0.694797   0.659793
       0.3   0.583177   0.707075   0.639177
      0.31   0.518458   0.713912   0.600685
      0.32   0.497927   0.719867   0.588673
      0.33   0.458939   0.721471   0.561011
      0.34   0.418544   0.717172   0.528597
      0.35   0.371852   0.734276    0.49369
      0.36   0.344987   0.738928    0.47037
      0.37   0.302714   0.740673   0.429777
      0.38   0.265212   0.754386   0.392453
      0.39   0.231347   0.775841   0.356415
       0.4   0.211168   0.768802    0.33133
      0.41   0.181175   0.769106   0.293266
      0.42   0.143673   0.754864     0.2414
      0.43   0.123846   0.737527    0.21208
      0.44   0.103824   0.712846    0.18125
      0.45    0.09397   0.685552   0.165284
      0.46   0.076881   0.630435   0.137049
      0.47  0.0617472   0.588745   0.111772
      0.48  0.0429767   0.497207   0.079115
      0.49  0.0320663   0.456954  0.0599273
       0.5  0.0186532   0.630435  0.0362343
      0.51  0.0120835   0.615385  0.0237017
      0.52 0.00637416   0.705882  0.0126342
      0.53 0.00567026   0.909091  0.0112702
      0.54 0.00328484      0.875 0.00654511
      0.55 0.00129047          1 0.00257762
      0.56 0.00129047          1 0.00257762
      0.57 0.00101674          1 0.00203141
      0.58 0.00101674          1 0.00203141
      0.59          0          0          0
       0.6          0          0          0
      0.61          0          0          0
      0.62          0          0          0
      0.63          0          0          0
      0.64          0          0          0
      0.65          0          0          0
      0.66          0          0          0
      0.67          0          0          0
      0.68          0          0          0
      0.69          0          0          0
       0.7          0          0          0
      0.71          0          0          0
      0.72          0          0          0
      0.73          0          0          0
      0.74          0          0          0
      0.75          0          0          0
      0.76          0          0          0
      0.77          0          0          0
      0.78          0          0          0
      0.79          0          0          0
       0.8          0          0          0
      0.81          0          0          0
      0.82          0          0          0
      0.83          0          0          0
      0.84          0          0          0
      0.85          0          0          0
      0.86          0          0          0
      0.87          0          0          0
      0.88          0          0          0
      0.89          0          0          0
       0.9          0          0          0
      0.91          0          0          0
      0.92          0          0          0
      0.93          0          0          0
      0.94          0          0          0
      0.95          0          0          0
      0.96          0          0          0
      0.97          0          0          0
      0.98          0          0          0
      0.99          0          0          0
