         0          1   0.168956   0.289072
      0.01          1   0.190595   0.320167
      0.02          1   0.216432   0.355847
      0.03   0.999672     0.2413   0.388761
      0.04   0.996636   0.262112   0.415064
      0.05   0.989088   0.271701   0.426299
      0.06   0.974237   0.284087   0.439899
      0.07   0.961766   0.289728   0.445309
      0.08   0.948228   0.300318   0.456163
      0.09   0.942074    0.30545   0.461325
       0.1   0.934444    0.31725   0.473682
      0.11   0.912865   0.326514   0.480988
      0.12   0.905973   0.333443   0.487472
      0.13    0.88382   0.341179   0.492312
      0.14   0.870446   0.347686   0.496896
      0.15   0.851575   0.358685   0.504763
      0.16   0.828602   0.364706   0.506485
      0.17   0.796029   0.370663   0.505804
      0.18   0.778553   0.371423   0.502919
      0.19   0.722596    0.36966   0.489106
       0.2   0.694782   0.368719   0.481766
      0.21   0.664588    0.36341    0.46988
      0.22   0.619134   0.354187     0.4506
      0.23   0.596324   0.350602   0.441581
      0.24   0.560305   0.346065   0.427865
      0.25   0.542911   0.347465   0.423737
      0.26    0.51042    0.34225   0.409751
      0.27   0.490564   0.340214   0.401784
      0.28   0.456351   0.333472   0.385352
      0.29   0.439449   0.324129    0.37308
       0.3   0.382671   0.306367   0.340295
      0.31    0.33533   0.297705   0.315399
      0.32   0.317361   0.298983   0.307898
      0.33   0.279045   0.289283   0.284072
      0.34   0.242205   0.282507   0.260809
      0.35   0.206597   0.276722   0.236572
      0.36   0.186823   0.278761   0.223715
      0.37   0.147276   0.294363   0.196326
      0.38   0.116016   0.290909   0.165878
      0.39  0.0848375   0.272388   0.129379
       0.4  0.0636692   0.251232   0.101592
      0.41  0.0361011   0.225564  0.0622407
      0.42  0.0299475   0.252747    0.05355
      0.43  0.0258451    0.28125  0.0473399
      0.44  0.0124713   0.342857  0.0240671
      0.45   0.012061    0.37931  0.0233787
      0.46  0.0112406        0.5  0.0219868
      0.47 0.00968165        0.6  0.0190558
      0.48 0.00968165   0.666667  0.0190861
      0.49 0.00968165   0.777778  0.0191252
       0.5 0.00500492          1    0.00996
      0.51          0          0          0
      0.52          0          0          0
      0.53          0          0          0
      0.54          0          0          0
      0.55          0          0          0
      0.56          0          0          0
      0.57          0          0          0
      0.58          0          0          0
      0.59          0          0          0
       0.6          0          0          0
      0.61          0          0          0
      0.62          0          0          0
      0.63          0          0          0
      0.64          0          0          0
      0.65          0          0          0
      0.66          0          0          0
      0.67          0          0          0
      0.68          0          0          0
      0.69          0          0          0
       0.7          0          0          0
      0.71          0          0          0
      0.72          0          0          0
      0.73          0          0          0
      0.74          0          0          0
      0.75          0          0          0
      0.76          0          0          0
      0.77          0          0          0
      0.78          0          0          0
      0.79          0          0          0
       0.8          0          0          0
      0.81          0          0          0
      0.82          0          0          0
      0.83          0          0          0
      0.84          0          0          0
      0.85          0          0          0
      0.86          0          0          0
      0.87          0          0          0
      0.88          0          0          0
      0.89          0          0          0
       0.9          0          0          0
      0.91          0          0          0
      0.92          0          0          0
      0.93          0          0          0
      0.94          0          0          0
      0.95          0          0          0
      0.96          0          0          0
      0.97          0          0          0
      0.98          0          0          0
      0.99          0          0          0
