         0          1   0.337394   0.504555
      0.01   0.989859   0.344953   0.511615
      0.02   0.989774   0.347417   0.514309
      0.03   0.989175   0.352809    0.52011
      0.04   0.986522   0.361908    0.52955
      0.05   0.979547   0.368895   0.535952
      0.06    0.95212   0.380634    0.54385
      0.07   0.930213   0.387848   0.547443
      0.08   0.878268   0.394946    0.54487
      0.09   0.838689   0.402679   0.544113
       0.1    0.78683   0.411058   0.540005
      0.11   0.747251   0.425995    0.54264
      0.12   0.720679   0.437358   0.544361
      0.13   0.659279   0.455323    0.53864
      0.14   0.622652    0.46718   0.533827
      0.15    0.57704   0.485589   0.527379
      0.16   0.551624   0.501128   0.525165
      0.17   0.502204    0.52216   0.511987
      0.18   0.482093   0.536396   0.507797
      0.19   0.437936   0.556883   0.490298
       0.2   0.413333    0.57195   0.479874
      0.21   0.377819   0.582585   0.458373
      0.22   0.339566   0.595884   0.432609
      0.23   0.319156   0.607749   0.418526
      0.24   0.282487   0.640532   0.392065
      0.25   0.250824   0.682427   0.366823
      0.26   0.218519   0.721834   0.335479
      0.27   0.198793   0.755196   0.314737
      0.28   0.181807   0.768362   0.294039
      0.29   0.160883   0.766129   0.265924
       0.3    0.13628   0.788423   0.232391
      0.31   0.114073   0.851948   0.201205
      0.32   0.103975   0.904192   0.186504
      0.33  0.0981986   0.978102   0.178479
      0.34  0.0910958   0.983673   0.166749
      0.35  0.0771469   0.985222   0.143089
      0.36  0.0713705          1   0.133232
      0.37  0.0661931          1   0.124167
      0.38  0.0582774          1   0.110136
      0.39  0.0527149          1    0.10015
       0.4  0.0506183          1   0.096359
      0.41  0.0408198          1  0.0784378
      0.42  0.0341877          1   0.066115
      0.43   0.030679          1  0.0595317
      0.44  0.0243036          1  0.0474539
      0.45  0.0181421          1  0.0356377
      0.46  0.0151042          1  0.0297589
      0.47  0.0146763          1  0.0289281
      0.48  0.0138205          1  0.0272643
      0.49  0.0121946          1  0.0240954
       0.5 0.00504899          1  0.0100473
      0.51          0          0          0
      0.52          0          0          0
      0.53          0          0          0
      0.54          0          0          0
      0.55          0          0          0
      0.56          0          0          0
      0.57          0          0          0
      0.58          0          0          0
      0.59          0          0          0
       0.6          0          0          0
      0.61          0          0          0
      0.62          0          0          0
      0.63          0          0          0
      0.64          0          0          0
      0.65          0          0          0
      0.66          0          0          0
      0.67          0          0          0
      0.68          0          0          0
      0.69          0          0          0
       0.7          0          0          0
      0.71          0          0          0
      0.72          0          0          0
      0.73          0          0          0
      0.74          0          0          0
      0.75          0          0          0
      0.76          0          0          0
      0.77          0          0          0
      0.78          0          0          0
      0.79          0          0          0
       0.8          0          0          0
      0.81          0          0          0
      0.82          0          0          0
      0.83          0          0          0
      0.84          0          0          0
      0.85          0          0          0
      0.86          0          0          0
      0.87          0          0          0
      0.88          0          0          0
      0.89          0          0          0
       0.9          0          0          0
      0.91          0          0          0
      0.92          0          0          0
      0.93          0          0          0
      0.94          0          0          0
      0.95          0          0          0
      0.96          0          0          0
      0.97          0          0          0
      0.98          0          0          0
      0.99          0          0          0
