         0          1   0.223995   0.366006
      0.01    0.99555   0.240884   0.387909
      0.02   0.993874   0.245107   0.393236
      0.03   0.992455   0.245371   0.393464
      0.04   0.991875   0.247794   0.396526
      0.05   0.990391   0.250647    0.40005
      0.06   0.988199   0.255486   0.406005
      0.07   0.982524    0.25846   0.409261
      0.08   0.973173    0.26315   0.414278
      0.09   0.965757   0.268117   0.419713
       0.1    0.95286   0.278029   0.430458
      0.11   0.936932   0.291391   0.444531
      0.12   0.927839   0.299951   0.453345
      0.13   0.909912   0.314342   0.467262
      0.14   0.894757   0.322503   0.474117
      0.15    0.85916   0.341172     0.4884
      0.16   0.830206   0.352097   0.494481
      0.17   0.804024   0.371106   0.507821
      0.18   0.786226   0.385434    0.51728
      0.19   0.744245   0.397829   0.518499
       0.2     0.7071   0.409291   0.518474
      0.21   0.656607   0.419924   0.512247
      0.22   0.595151   0.419604   0.492193
      0.23   0.566841   0.423889   0.485052
      0.24   0.522603    0.42198   0.466932
      0.25   0.495905   0.420237   0.454946
      0.26   0.444444     0.4155   0.429485
      0.27   0.413362   0.413704   0.413533
      0.28   0.371768   0.400751   0.385715
      0.29   0.332817   0.386996   0.357868
       0.3   0.299478   0.369911   0.330989
      0.31   0.263042   0.347269   0.299344
      0.32   0.239311   0.333533   0.278673
      0.33   0.209325   0.307949   0.249235
      0.34   0.179403    0.28938   0.221491
      0.35   0.145225   0.295435   0.194728
      0.36    0.13639   0.285055   0.184502
      0.37   0.106339   0.267535   0.152187
      0.38   0.100148    0.25655    0.14406
      0.39  0.0874444   0.246411   0.129081
       0.4  0.0815116   0.239744    0.12166
      0.41  0.0677114   0.230447   0.104668
      0.42  0.0479138   0.199095  0.0772394
      0.43  0.0403044   0.186414  0.0662787
      0.44  0.0268911    0.17354  0.0465664
      0.45  0.0219256    0.16065  0.0385851
      0.46   0.014703   0.140625  0.0266226
      0.47 0.00999549   0.115546  0.0183993
      0.48 0.00541691  0.0984848   0.010269
      0.49 0.00309538  0.0885246  0.0059816
       0.5 0.000773844        0.4  0.0015447
      0.51 0.000451409   0.333333 0.000901597
      0.52          0          0          0
      0.53          0          0          0
      0.54          0          0          0
      0.55          0          0          0
      0.56          0          0          0
      0.57          0          0          0
      0.58          0          0          0
      0.59          0          0          0
       0.6          0          0          0
      0.61          0          0          0
      0.62          0          0          0
      0.63          0          0          0
      0.64          0          0          0
      0.65          0          0          0
      0.66          0          0          0
      0.67          0          0          0
      0.68          0          0          0
      0.69          0          0          0
       0.7          0          0          0
      0.71          0          0          0
      0.72          0          0          0
      0.73          0          0          0
      0.74          0          0          0
      0.75          0          0          0
      0.76          0          0          0
      0.77          0          0          0
      0.78          0          0          0
      0.79          0          0          0
       0.8          0          0          0
      0.81          0          0          0
      0.82          0          0          0
      0.83          0          0          0
      0.84          0          0          0
      0.85          0          0          0
      0.86          0          0          0
      0.87          0          0          0
      0.88          0          0          0
      0.89          0          0          0
       0.9          0          0          0
      0.91          0          0          0
      0.92          0          0          0
      0.93          0          0          0
      0.94          0          0          0
      0.95          0          0          0
      0.96          0          0          0
      0.97          0          0          0
      0.98          0          0          0
      0.99          0          0          0
