         0          1   0.193017   0.323578
      0.01   0.980341   0.191549   0.320479
      0.02   0.980341   0.210192   0.346164
      0.03   0.979916   0.229335   0.371683
      0.04   0.970329    0.26258   0.413314
      0.05   0.957952   0.282518   0.436349
      0.06   0.927614   0.293288   0.445667
      0.07   0.888235   0.296212   0.444268
      0.08   0.841272   0.313689   0.456981
      0.09   0.808082   0.329286   0.467905
       0.1   0.770038   0.349554   0.480835
      0.11   0.734725    0.37025   0.492377
      0.12   0.718342   0.386702   0.502757
      0.13   0.653965   0.400135   0.496489
      0.14   0.604757    0.41087   0.489307
      0.15   0.574662   0.436425   0.496094
      0.16    0.55749   0.454711   0.500883
      0.17   0.537892    0.47848    0.50645
      0.18   0.519507   0.486409   0.502414
      0.19   0.495783   0.494442   0.495112
       0.2   0.475821   0.500406   0.487804
      0.21   0.440386   0.508333   0.471926
      0.22    0.41739   0.520515   0.463283
      0.23   0.385535   0.520833   0.443086
      0.24    0.37698   0.529536   0.440421
      0.25   0.374431   0.531353   0.439299
      0.26   0.364298   0.525978   0.430457
      0.27    0.34021   0.518428   0.410823
      0.28   0.312845   0.511111   0.388124
      0.29   0.288696   0.503729   0.367037
       0.3    0.25223   0.502564   0.335884
      0.31   0.232328   0.491954   0.315608
      0.32   0.225229   0.486551   0.307919
      0.33   0.214914   0.478224   0.296556
      0.34   0.208422   0.475239   0.289764
      0.35    0.19926    0.46422   0.278834
      0.36   0.189127   0.453155   0.266873
      0.37   0.180996       0.44   0.256486
      0.38   0.176688   0.419895   0.248718
      0.39    0.15527    0.38806   0.221795
       0.4   0.138644   0.397403    0.20557
      0.41   0.127237   0.409733   0.194176
      0.42   0.118379   0.493274   0.190936
      0.43   0.098477   0.497326   0.164401
      0.44  0.0845216   0.513514   0.145152
      0.45  0.0768764   0.505882    0.13347
      0.46   0.063467   0.541436   0.113616
      0.47  0.0626782   0.616541   0.113789
      0.48  0.0507251   0.913793  0.0961148
      0.49  0.0396821   0.885714  0.0759609
       0.5  0.0205691   0.666667   0.039907
      0.51 0.00552151   0.333333  0.0108631
      0.52          0          0          0
      0.53          0          0          0
      0.54          0          0          0
      0.55          0          0          0
      0.56          0          0          0
      0.57          0          0          0
      0.58          0          0          0
      0.59          0          0          0
       0.6          0          0          0
      0.61          0          0          0
      0.62          0          0          0
      0.63          0          0          0
      0.64          0          0          0
      0.65          0          0          0
      0.66          0          0          0
      0.67          0          0          0
      0.68          0          0          0
      0.69          0          0          0
       0.7          0          0          0
      0.71          0          0          0
      0.72          0          0          0
      0.73          0          0          0
      0.74          0          0          0
      0.75          0          0          0
      0.76          0          0          0
      0.77          0          0          0
      0.78          0          0          0
      0.79          0          0          0
       0.8          0          0          0
      0.81          0          0          0
      0.82          0          0          0
      0.83          0          0          0
      0.84          0          0          0
      0.85          0          0          0
      0.86          0          0          0
      0.87          0          0          0
      0.88          0          0          0
      0.89          0          0          0
       0.9          0          0          0
      0.91          0          0          0
      0.92          0          0          0
      0.93          0          0          0
      0.94          0          0          0
      0.95          0          0          0
      0.96          0          0          0
      0.97          0          0          0
      0.98          0          0          0
      0.99          0          0          0
