         0          1   0.230724    0.37494
      0.01   0.999323   0.230519   0.374622
      0.02     0.9989    0.22974   0.373563
      0.03   0.997969   0.227575   0.370631
      0.04   0.991115   0.223376   0.364583
      0.05   0.980961   0.219813   0.359149
      0.06   0.962515   0.216564   0.353574
      0.07   0.949907    0.21471   0.350252
      0.08   0.920206   0.214532   0.347946
      0.09   0.901422   0.215485   0.347823
       0.1   0.871213   0.217689   0.348339
      0.11   0.833982   0.220355   0.348603
      0.12   0.812236   0.223732   0.350827
      0.13   0.769927   0.229723   0.353863
      0.14    0.74395   0.234731   0.356864
      0.15   0.700034   0.240111   0.357574
      0.16   0.678203   0.243686   0.358543
      0.17    0.62371   0.248065   0.354956
      0.18    0.58064   0.250726   0.350222
      0.19   0.539939   0.257132   0.348364
       0.2     0.5121   0.261195   0.345943
      0.21   0.468353    0.26515   0.338605
      0.22   0.426976   0.268508   0.329689
      0.23   0.397445    0.26835   0.320382
      0.24   0.359452   0.269709    0.30818
      0.25   0.332628   0.268082   0.296887
      0.26   0.297512   0.268826   0.282443
      0.27   0.280335   0.271313    0.27575
      0.28   0.259604   0.270894   0.265129
      0.29   0.253089   0.276768   0.264399
       0.3   0.235573    0.28128   0.256405
      0.31   0.213065   0.275939    0.24046
      0.32    0.19538    0.26696   0.225629
      0.33   0.164326   0.270167   0.204355
      0.34   0.154764   0.274374     0.1979
      0.35   0.123963   0.271368   0.170185
      0.36   0.104163    0.27193   0.150628
      0.37  0.0847859   0.276398   0.129766
      0.38  0.0765781   0.275862   0.119878
      0.39  0.0707395    0.28169   0.113081
       0.4  0.0621086    0.29096   0.102366
      0.41  0.0450161   0.312977   0.078711
      0.42  0.0396006   0.317708  0.0704233
      0.43   0.032239   0.319728   0.058572
      0.44   0.023185   0.316327  0.0432034
      0.45  0.0217465   0.315789  0.0406908
      0.46  0.0205619   0.404255  0.0391333
      0.47  0.0124387   0.382353  0.0240935
      0.48 0.00693857   0.352941  0.0136096
      0.49 0.00693857   0.428571   0.013656
       0.5 0.00651548   0.444444  0.0128427
      0.51 0.00617702      0.375  0.0121538
      0.52 0.00617702      0.375  0.0121538
      0.53 0.00287697   0.333333  0.0057047
      0.54          0          0          0
      0.55          0          0          0
      0.56          0          0          0
      0.57          0          0          0
      0.58          0          0          0
      0.59          0          0          0
       0.6          0          0          0
      0.61          0          0          0
      0.62          0          0          0
      0.63          0          0          0
      0.64          0          0          0
      0.65          0          0          0
      0.66          0          0          0
      0.67          0          0          0
      0.68          0          0          0
      0.69          0          0          0
       0.7          0          0          0
      0.71          0          0          0
      0.72          0          0          0
      0.73          0          0          0
      0.74          0          0          0
      0.75          0          0          0
      0.76          0          0          0
      0.77          0          0          0
      0.78          0          0          0
      0.79          0          0          0
       0.8          0          0          0
      0.81          0          0          0
      0.82          0          0          0
      0.83          0          0          0
      0.84          0          0          0
      0.85          0          0          0
      0.86          0          0          0
      0.87          0          0          0
      0.88          0          0          0
      0.89          0          0          0
       0.9          0          0          0
      0.91          0          0          0
      0.92          0          0          0
      0.93          0          0          0
      0.94          0          0          0
      0.95          0          0          0
      0.96          0          0          0
      0.97          0          0          0
      0.98          0          0          0
      0.99          0          0          0
