         0          1   0.282356    0.44037
      0.01   0.996959   0.265598   0.419451
      0.02   0.996959   0.265424   0.419233
      0.03   0.996959   0.265413    0.41922
      0.04   0.996903   0.267051   0.421256
      0.05   0.996678   0.270581   0.425614
      0.06   0.996002   0.277913   0.434569
      0.07   0.995327   0.284095   0.442024
      0.08   0.990259   0.293708   0.453044
      0.09   0.981081   0.299472   0.458875
       0.1   0.958727   0.307247   0.465358
      0.11   0.936937    0.31639   0.473041
      0.12   0.917173   0.321743   0.476374
      0.13   0.890935   0.327598   0.479048
      0.14   0.864696   0.329571   0.477245
      0.15   0.822072   0.332087    0.47307
      0.16   0.793187   0.333778   0.469843
      0.17   0.747241   0.334168   0.461812
      0.18   0.711543   0.337249   0.457607
      0.19   0.666892   0.337391   0.448087
       0.2   0.624324   0.339219   0.439591
      0.21   0.573705   0.347701   0.432985
      0.22   0.526351   0.359031   0.426881
      0.23   0.488063   0.363929   0.416953
      0.24   0.444651   0.385069   0.412721
      0.25   0.422466   0.398155   0.409951
      0.26   0.377759   0.419115   0.397364
      0.27   0.359291   0.432395   0.392467
      0.28   0.322185   0.460581   0.379148
      0.29   0.306475   0.469808   0.370959
       0.3   0.270664   0.482353   0.346754
      0.31   0.251295   0.497552   0.333933
      0.32   0.240597   0.504685   0.325852
      0.33   0.224381   0.521906   0.313835
      0.34   0.210191    0.52735   0.300578
      0.35   0.188739   0.534861   0.279019
      0.36   0.180856   0.549727    0.27217
      0.37   0.171734   0.568153   0.263746
      0.38   0.157376   0.568376     0.2465
      0.39   0.140146   0.575503   0.225403
       0.4   0.132658   0.587786   0.216462
      0.41   0.116723   0.620098   0.196465
      0.42  0.0951014   0.668831   0.166525
      0.43  0.0850225   0.681275   0.151178
      0.44  0.0685248   0.716578   0.125088
      0.45  0.0546171   0.755245   0.101867
      0.46  0.0464527   0.775701  0.0876561
      0.47  0.0398086   0.823529   0.075946
      0.48  0.0301802   0.888889  0.0583783
      0.49  0.0228041   0.926829  0.0445129
       0.5  0.0177928          1  0.0349635
      0.51  0.0129505          1  0.0255698
      0.52  0.0108108          1  0.0213904
      0.53 0.00332207          1 0.00662214
      0.54          0          0          0
      0.55          0          0          0
      0.56          0          0          0
      0.57          0          0          0
      0.58          0          0          0
      0.59          0          0          0
       0.6          0          0          0
      0.61          0          0          0
      0.62          0          0          0
      0.63          0          0          0
      0.64          0          0          0
      0.65          0          0          0
      0.66          0          0          0
      0.67          0          0          0
      0.68          0          0          0
      0.69          0          0          0
       0.7          0          0          0
      0.71          0          0          0
      0.72          0          0          0
      0.73          0          0          0
      0.74          0          0          0
      0.75          0          0          0
      0.76          0          0          0
      0.77          0          0          0
      0.78          0          0          0
      0.79          0          0          0
       0.8          0          0          0
      0.81          0          0          0
      0.82          0          0          0
      0.83          0          0          0
      0.84          0          0          0
      0.85          0          0          0
      0.86          0          0          0
      0.87          0          0          0
      0.88          0          0          0
      0.89          0          0          0
       0.9          0          0          0
      0.91          0          0          0
      0.92          0          0          0
      0.93          0          0          0
      0.94          0          0          0
      0.95          0          0          0
      0.96          0          0          0
      0.97          0          0          0
      0.98          0          0          0
      0.99          0          0          0
