         0          1   0.150167   0.261123
      0.01   0.996394   0.149438   0.259897
      0.02   0.990037   0.163887   0.281222
      0.03   0.987096   0.164333   0.281759
      0.04    0.97884   0.165468   0.283082
      0.05   0.974286   0.165717   0.283255
      0.06   0.961476   0.167198    0.28486
      0.07   0.954645   0.168888   0.287002
      0.08   0.940696   0.171772   0.290499
      0.09   0.920011   0.173541   0.292003
       0.1   0.892874   0.177998   0.296823
      0.11   0.859759   0.181335   0.299501
      0.12   0.810893   0.181635   0.296791
      0.13   0.765917   0.182105   0.294249
      0.14   0.726255   0.184122   0.293768
      0.15   0.666002   0.185109   0.289699
      0.16   0.610589   0.183632   0.282349
      0.17   0.547395   0.182683   0.273943
      0.18   0.513331   0.183463   0.270316
      0.19   0.453079   0.182948   0.260649
       0.2   0.419205   0.181999   0.253807
      0.21   0.356391   0.177642   0.237101
      0.22   0.328969   0.177111   0.230256
      0.23   0.302306   0.171493   0.218841
      0.24   0.255622   0.155636   0.193475
      0.25    0.22374   0.147898   0.178081
      0.26    0.20353    0.14659    0.17043
      0.27   0.179429   0.143131   0.159237
      0.28   0.161685   0.146575    0.15376
      0.29   0.156941   0.144804   0.150628
       0.3   0.143657   0.142672   0.143163
      0.31   0.135307   0.143906   0.139474
      0.32   0.122308    0.14241   0.131596
      0.33   0.118133   0.139295   0.127844
      0.34   0.110257   0.130435     0.1195
      0.35  0.0941266   0.127706   0.108375
      0.36  0.0926084   0.125891   0.106715
      0.37  0.0820761   0.121294  0.0979036
      0.38  0.0791346   0.123867  0.0965724
      0.39  0.0698358   0.128391  0.0904649
       0.4  0.0577854   0.124744  0.0789833
      0.41  0.0521871   0.135204  0.0753067
      0.42  0.0458298   0.154839  0.0707258
      0.43  0.0376696   0.144487  0.0597592
      0.44  0.0269475   0.149425  0.0456606
      0.45   0.026568   0.160839  0.0456031
      0.46    0.02078    0.17757  0.0372059
      0.47  0.0119556     0.1875  0.0224779
      0.48  0.0111965   0.318182  0.0216318
      0.49   0.010817      0.375  0.0210274
       0.5   0.010817   0.478261  0.0211555
      0.51   0.010817        0.5  0.0211758
      0.52   0.010817   0.444444  0.0211199
      0.53 0.00436474        0.5 0.00865394
      0.54          0          0          0
      0.55          0          0          0
      0.56          0          0          0
      0.57          0          0          0
      0.58          0          0          0
      0.59          0          0          0
       0.6          0          0          0
      0.61          0          0          0
      0.62          0          0          0
      0.63          0          0          0
      0.64          0          0          0
      0.65          0          0          0
      0.66          0          0          0
      0.67          0          0          0
      0.68          0          0          0
      0.69          0          0          0
       0.7          0          0          0
      0.71          0          0          0
      0.72          0          0          0
      0.73          0          0          0
      0.74          0          0          0
      0.75          0          0          0
      0.76          0          0          0
      0.77          0          0          0
      0.78          0          0          0
      0.79          0          0          0
       0.8          0          0          0
      0.81          0          0          0
      0.82          0          0          0
      0.83          0          0          0
      0.84          0          0          0
      0.85          0          0          0
      0.86          0          0          0
      0.87          0          0          0
      0.88          0          0          0
      0.89          0          0          0
       0.9          0          0          0
      0.91          0          0          0
      0.92          0          0          0
      0.93          0          0          0
      0.94          0          0          0
      0.95          0          0          0
      0.96          0          0          0
      0.97          0          0          0
      0.98          0          0          0
      0.99          0          0          0
