         0          1   0.253826   0.404882
      0.01   0.994638   0.261245   0.413804
      0.02   0.994036   0.268763   0.423123
      0.03   0.993817   0.280735   0.437799
      0.04    0.99026    0.29318   0.452416
      0.05   0.985445    0.30006   0.460041
      0.06     0.9739   0.311111   0.471577
      0.07   0.964325    0.31823   0.478541
      0.08   0.947144   0.331518   0.491131
      0.09   0.923616   0.341001   0.498102
       0.1   0.893303   0.356195   0.509308
      0.11   0.837547   0.363439   0.506912
      0.12   0.802747   0.369774   0.506319
      0.13   0.752243   0.381266   0.506048
      0.14   0.723681   0.388623   0.505688
      0.15   0.680018   0.397239   0.501514
      0.16   0.655231   0.405313   0.500825
      0.17   0.608284   0.415639   0.493839
      0.18   0.582294   0.425701   0.491834
      0.19    0.54733   0.438633    0.48699
       0.2   0.513351   0.444831   0.476641
      0.21   0.460714   0.458988   0.459849
      0.22   0.400471   0.473434   0.433906
      0.23   0.358612     0.4857   0.412591
      0.24    0.32633   0.496947   0.393959
      0.25   0.299026   0.510119   0.377037
      0.26   0.264719   0.530161   0.353119
      0.27   0.241738   0.544574   0.334839
      0.28   0.209947     0.5575   0.305026
      0.29   0.187951   0.569715   0.282654
       0.3   0.159225   0.577438   0.249619
      0.31   0.139144   0.602015   0.226043
      0.32   0.115124   0.590214   0.192667
      0.33  0.0920333   0.580508   0.158878
      0.34   0.069107   0.564246   0.123133
      0.35   0.049026   0.545455  0.0899659
      0.36  0.0439374   0.578431  0.0816711
      0.37  0.0294375   0.569231    0.05598
      0.38  0.0216678   0.557692  0.0417148
      0.39  0.0159225   0.575758  0.0309881
       0.4  0.0120376   0.555556  0.0235647
      0.41  0.0079339        0.5    0.01562
      0.42 0.00711315        0.5  0.0140268
      0.43 0.00607354        0.4  0.0119654
      0.44          0          0          0
      0.45          0          0          0
      0.46          0          0          0
      0.47          0          0          0
      0.48          0          0          0
      0.49          0          0          0
       0.5          0          0          0
      0.51          0          0          0
      0.52          0          0          0
      0.53          0          0          0
      0.54          0          0          0
      0.55          0          0          0
      0.56          0          0          0
      0.57          0          0          0
      0.58          0          0          0
      0.59          0          0          0
       0.6          0          0          0
      0.61          0          0          0
      0.62          0          0          0
      0.63          0          0          0
      0.64          0          0          0
      0.65          0          0          0
      0.66          0          0          0
      0.67          0          0          0
      0.68          0          0          0
      0.69          0          0          0
       0.7          0          0          0
      0.71          0          0          0
      0.72          0          0          0
      0.73          0          0          0
      0.74          0          0          0
      0.75          0          0          0
      0.76          0          0          0
      0.77          0          0          0
      0.78          0          0          0
      0.79          0          0          0
       0.8          0          0          0
      0.81          0          0          0
      0.82          0          0          0
      0.83          0          0          0
      0.84          0          0          0
      0.85          0          0          0
      0.86          0          0          0
      0.87          0          0          0
      0.88          0          0          0
      0.89          0          0          0
       0.9          0          0          0
      0.91          0          0          0
      0.92          0          0          0
      0.93          0          0          0
      0.94          0          0          0
      0.95          0          0          0
      0.96          0          0          0
      0.97          0          0          0
      0.98          0          0          0
      0.99          0          0          0
