         0          1   0.418411   0.589971
      0.01   0.997183   0.431128   0.601989
      0.02   0.995569   0.445278    0.61534
      0.03   0.994652    0.45634    0.62564
      0.04   0.993829   0.472702   0.640675
      0.05   0.993639   0.485995   0.652734
      0.06   0.992373   0.505989   0.670239
      0.07   0.991392   0.517963   0.680429
      0.08   0.989904     0.5347   0.694347
      0.09   0.988923   0.543303   0.701313
       0.1    0.98617   0.550864   0.706875
      0.11   0.983005   0.556327   0.710532
      0.12   0.978986   0.560445   0.712819
      0.13   0.975505   0.566308   0.716606
      0.14   0.969745   0.571243   0.718967
      0.15   0.958921   0.580947   0.723545
      0.16   0.950915   0.593071   0.730525
      0.17   0.934553    0.62701   0.750497
      0.18   0.919299   0.655038    0.76499
      0.19   0.882936   0.686929   0.772696
       0.2   0.865973   0.709041   0.779689
      0.21    0.81964   0.735774   0.775446
      0.22   0.760048     0.7525   0.756255
      0.23    0.72321   0.767548    0.74472
      0.24   0.680043   0.779937   0.726572
      0.25   0.652162   0.791468   0.715093
      0.26   0.612475   0.807354   0.696541
      0.27   0.579784   0.815703   0.677801
      0.28   0.538832    0.82951   0.653296
      0.29   0.524464   0.835664   0.644462
       0.3   0.506456   0.840435   0.632038
      0.31   0.484841   0.841823   0.615303
      0.32     0.4731   0.844111   0.606355
      0.33   0.450155   0.846941   0.587859
      0.34   0.440756   0.850328   0.580577
      0.35   0.424172   0.853809   0.566772
      0.36   0.412368   0.858414    0.55711
      0.37   0.400627   0.876008   0.549808
      0.38    0.38686   0.893548    0.53995
      0.39   0.365719   0.911912   0.522066
       0.4   0.354073   0.921254   0.511541
      0.41   0.339135   0.919883   0.495568
      0.42   0.321603   0.924721   0.477232
      0.43   0.311254   0.920635   0.465222
      0.44   0.291316   0.912681    0.44166
      0.45   0.277707   0.909475   0.425491
      0.46    0.24587   0.901278   0.386345
      0.47   0.218337   0.892886   0.350874
      0.48   0.186942   0.929625   0.311287
      0.49   0.163966   0.968571   0.280455
       0.5    0.12121   0.965438    0.21538
      0.51  0.0828533   0.967871    0.15264
      0.52  0.0691183   0.957895   0.128933
      0.53  0.0408887   0.931034   0.078337
      0.54  0.0293689   0.948718  0.0569742
      0.55  0.0162985   0.972973    0.03206
      0.56  0.0123109   0.964286  0.0243114
      0.57 0.000632951          1  0.0012651
      0.58 0.000632951          1  0.0012651
      0.59 0.000474714          1 0.000948977
       0.6 0.000348123          1 0.000696004
      0.61          0          0          0
      0.62          0          0          0
      0.63          0          0          0
      0.64          0          0          0
      0.65          0          0          0
      0.66          0          0          0
      0.67          0          0          0
      0.68          0          0          0
      0.69          0          0          0
       0.7          0          0          0
      0.71          0          0          0
      0.72          0          0          0
      0.73          0          0          0
      0.74          0          0          0
      0.75          0          0          0
      0.76          0          0          0
      0.77          0          0          0
      0.78          0          0          0
      0.79          0          0          0
       0.8          0          0          0
      0.81          0          0          0
      0.82          0          0          0
      0.83          0          0          0
      0.84          0          0          0
      0.85          0          0          0
      0.86          0          0          0
      0.87          0          0          0
      0.88          0          0          0
      0.89          0          0          0
       0.9          0          0          0
      0.91          0          0          0
      0.92          0          0          0
      0.93          0          0          0
      0.94          0          0          0
      0.95          0          0          0
      0.96          0          0          0
      0.97          0          0          0
      0.98          0          0          0
      0.99          0          0          0
