         0          1   0.223412   0.365227
      0.01   0.999437   0.230145   0.374135
      0.02   0.999437   0.230807    0.37501
      0.03   0.999437   0.234405   0.379745
      0.04   0.999437   0.241809   0.389403
      0.05   0.999437   0.245369   0.394007
      0.06   0.999296   0.252032   0.402539
      0.07   0.999226   0.256952   0.408784
      0.08   0.997326   0.265001   0.418738
      0.09   0.993668   0.270024   0.424651
       0.1   0.985999   0.279207   0.435182
      0.11   0.978681   0.289705   0.447071
      0.12   0.970239   0.293138   0.450244
      0.13   0.951945   0.302897   0.459566
      0.14   0.936256   0.310934   0.466831
      0.15   0.908675   0.321132   0.474554
      0.16    0.88412    0.32712   0.477549
      0.17   0.836488   0.334305   0.477696
      0.18   0.797298   0.338168   0.474907
      0.19   0.752762   0.343652   0.471881
       0.2   0.688947   0.345291   0.460024
      0.21   0.616337   0.342256   0.440114
      0.22   0.530078    0.34367    0.41699
      0.23   0.492788   0.352146   0.410762
      0.24   0.437346   0.365696   0.398324
      0.25   0.399142   0.373585   0.385941
      0.26    0.32414    0.38756   0.353024
      0.27   0.305354   0.402459   0.347246
      0.28   0.268276   0.411682   0.324856
      0.29   0.242384   0.416523   0.306442
       0.3   0.202913   0.408482   0.271138
      0.31   0.160768   0.424597   0.233228
      0.32   0.139309   0.434326   0.210955
      0.33   0.116724   0.423559   0.183013
      0.34  0.0928024   0.406154   0.151084
      0.35  0.0656441   0.390351   0.112388
      0.36  0.0531907    0.36612  0.0928867
      0.37   0.033209   0.349593  0.0606561
      0.38  0.0254696       0.31  0.0470719
      0.39  0.0197003   0.327586  0.0371655
       0.4  0.0135791   0.307692  0.0260103
      0.41  0.0104834   0.380952  0.0204052
      0.42 0.00415113   0.333333 0.00820014
      0.43 0.00189967       0.25 0.00377069
      0.44 0.00119609   0.166667 0.00237513
      0.45          0          0          0
      0.46          0          0          0
      0.47          0          0          0
      0.48          0          0          0
      0.49          0          0          0
       0.5          0          0          0
      0.51          0          0          0
      0.52          0          0          0
      0.53          0          0          0
      0.54          0          0          0
      0.55          0          0          0
      0.56          0          0          0
      0.57          0          0          0
      0.58          0          0          0
      0.59          0          0          0
       0.6          0          0          0
      0.61          0          0          0
      0.62          0          0          0
      0.63          0          0          0
      0.64          0          0          0
      0.65          0          0          0
      0.66          0          0          0
      0.67          0          0          0
      0.68          0          0          0
      0.69          0          0          0
       0.7          0          0          0
      0.71          0          0          0
      0.72          0          0          0
      0.73          0          0          0
      0.74          0          0          0
      0.75          0          0          0
      0.76          0          0          0
      0.77          0          0          0
      0.78          0          0          0
      0.79          0          0          0
       0.8          0          0          0
      0.81          0          0          0
      0.82          0          0          0
      0.83          0          0          0
      0.84          0          0          0
      0.85          0          0          0
      0.86          0          0          0
      0.87          0          0          0
      0.88          0          0          0
      0.89          0          0          0
       0.9          0          0          0
      0.91          0          0          0
      0.92          0          0          0
      0.93          0          0          0
      0.94          0          0          0
      0.95          0          0          0
      0.96          0          0          0
      0.97          0          0          0
      0.98          0          0          0
      0.99          0          0          0
