         0          1   0.176689   0.300316
      0.01   0.980768   0.167991   0.286849
      0.02   0.979946   0.167956   0.286763
      0.03   0.979617   0.169136   0.288467
      0.04   0.975179   0.172656    0.29337
      0.05   0.969836   0.175472   0.297176
      0.06   0.956604   0.177297    0.29915
      0.07   0.930714   0.177951   0.298776
      0.08   0.904085   0.180349   0.300711
      0.09   0.864552   0.179568   0.297372
       0.1   0.789841   0.181246   0.294835
      0.11    0.73987   0.187092   0.298661
      0.12   0.719076   0.194183   0.305789
      0.13   0.667954   0.204293   0.312889
      0.14   0.644859   0.211296   0.318298
      0.15   0.595052   0.225322   0.326871
      0.16   0.564642   0.238064    0.33492
      0.17   0.524123   0.255686   0.343702
      0.18   0.486562   0.269908    0.34721
      0.19   0.455823   0.291885   0.355882
       0.2   0.424262   0.307149    0.35633
      0.21   0.394263   0.324974   0.356281
      0.22   0.354977   0.340677    0.34768
      0.23   0.329169   0.347531   0.338101
      0.24    0.29128   0.361996    0.32281
      0.25   0.274349   0.366197   0.313688
      0.26   0.246158      0.375   0.297216
      0.27   0.223227   0.375695   0.280054
      0.28   0.198241   0.382214   0.261073
      0.29    0.19257   0.392857   0.258452
       0.3   0.149914   0.379763   0.214968
      0.31    0.11786   0.368336   0.178578
      0.32  0.0982987   0.346939   0.153193
      0.33  0.0777513   0.324519   0.125447
      0.34  0.0665735   0.327778   0.110669
      0.35  0.0514506   0.365145  0.0901927
      0.36  0.0461905   0.428571  0.0833931
      0.37  0.0431495   0.594595  0.0804601
      0.38  0.0378894     0.6375  0.0715276
      0.39  0.0232596   0.711538  0.0450467
       0.4  0.0175064   0.783784  0.0342478
      0.41  0.0117531       0.68  0.0231068
      0.42  0.0109312   0.631579  0.0214905
      0.43  0.0109312     0.5625  0.0214457
      0.44 0.00353415       0.25 0.00696977
      0.45          0          0          0
      0.46          0          0          0
      0.47          0          0          0
      0.48          0          0          0
      0.49          0          0          0
       0.5          0          0          0
      0.51          0          0          0
      0.52          0          0          0
      0.53          0          0          0
      0.54          0          0          0
      0.55          0          0          0
      0.56          0          0          0
      0.57          0          0          0
      0.58          0          0          0
      0.59          0          0          0
       0.6          0          0          0
      0.61          0          0          0
      0.62          0          0          0
      0.63          0          0          0
      0.64          0          0          0
      0.65          0          0          0
      0.66          0          0          0
      0.67          0          0          0
      0.68          0          0          0
      0.69          0          0          0
       0.7          0          0          0
      0.71          0          0          0
      0.72          0          0          0
      0.73          0          0          0
      0.74          0          0          0
      0.75          0          0          0
      0.76          0          0          0
      0.77          0          0          0
      0.78          0          0          0
      0.79          0          0          0
       0.8          0          0          0
      0.81          0          0          0
      0.82          0          0          0
      0.83          0          0          0
      0.84          0          0          0
      0.85          0          0          0
      0.86          0          0          0
      0.87          0          0          0
      0.88          0          0          0
      0.89          0          0          0
       0.9          0          0          0
      0.91          0          0          0
      0.92          0          0          0
      0.93          0          0          0
      0.94          0          0          0
      0.95          0          0          0
      0.96          0          0          0
      0.97          0          0          0
      0.98          0          0          0
      0.99          0          0          0
