         0          1   0.263807   0.417479
      0.01   0.998867   0.274979   0.431242
      0.02   0.998867     0.3662   0.535923
      0.03   0.998414   0.383942   0.554608
      0.04   0.997243   0.422212   0.593253
      0.05   0.996903   0.450046   0.620135
      0.06   0.993805   0.480752   0.648024
      0.07   0.992446   0.492518   0.658329
      0.08   0.986364   0.508224   0.670812
      0.09   0.979188   0.514205   0.674308
       0.1   0.948706   0.526567   0.677241
      0.11   0.911653   0.548527   0.684938
      0.12   0.900661   0.562625   0.692598
      0.13   0.872144   0.578381   0.695516
      0.14   0.852389   0.590983   0.698015
      0.15   0.821492    0.59893   0.692775
      0.16   0.798678   0.603708    0.68764
      0.17   0.760415   0.611237   0.677714
      0.18   0.729518   0.617287   0.668726
      0.19   0.674712   0.619105   0.645713
       0.2   0.636034   0.620321   0.628079
      0.21   0.534504   0.612167   0.570706
      0.22   0.378961   0.604998   0.466017
      0.23   0.307007   0.629832   0.412798
      0.24   0.276261   0.681637   0.393172
      0.25   0.250047   0.688841   0.366908
      0.26   0.228064   0.709946   0.345227
      0.27   0.223267   0.725898   0.341498
      0.28   0.218848   0.753129   0.339145
      0.29   0.210954   0.764095   0.330627
       0.3   0.201209     0.7776   0.319694
      0.31   0.190519   0.806848   0.308252
      0.32    0.18848   0.818934   0.306433
      0.33   0.179717   0.823297   0.295031
      0.34   0.174731   0.832124   0.288816
      0.35   0.168612   0.900744   0.284052
      0.36   0.161775   0.901726   0.274333
      0.37   0.157432   0.917749    0.26876
      0.38   0.151804   0.917829   0.260519
      0.39    0.14474   0.929982   0.250494
       0.4   0.134504   0.929435      0.235
      0.41   0.129896   0.936768   0.228155
      0.42   0.108744   0.937143   0.194875
      0.43   0.105231   0.945161   0.189378
      0.44  0.0934466      0.968    0.17044
      0.45  0.0836638   0.975845   0.154115
      0.46  0.0609254   0.968992   0.114643
      0.47  0.0512937   0.967742  0.0974236
      0.48  0.0174504          1  0.0343023
      0.49 0.00762984          1  0.0151441
       0.5 0.00460812          1 0.00917397
      0.51          0          0          0
      0.52          0          0          0
      0.53          0          0          0
      0.54          0          0          0
      0.55          0          0          0
      0.56          0          0          0
      0.57          0          0          0
      0.58          0          0          0
      0.59          0          0          0
       0.6          0          0          0
      0.61          0          0          0
      0.62          0          0          0
      0.63          0          0          0
      0.64          0          0          0
      0.65          0          0          0
      0.66          0          0          0
      0.67          0          0          0
      0.68          0          0          0
      0.69          0          0          0
       0.7          0          0          0
      0.71          0          0          0
      0.72          0          0          0
      0.73          0          0          0
      0.74          0          0          0
      0.75          0          0          0
      0.76          0          0          0
      0.77          0          0          0
      0.78          0          0          0
      0.79          0          0          0
       0.8          0          0          0
      0.81          0          0          0
      0.82          0          0          0
      0.83          0          0          0
      0.84          0          0          0
      0.85          0          0          0
      0.86          0          0          0
      0.87          0          0          0
      0.88          0          0          0
      0.89          0          0          0
       0.9          0          0          0
      0.91          0          0          0
      0.92          0          0          0
      0.93          0          0          0
      0.94          0          0          0
      0.95          0          0          0
      0.96          0          0          0
      0.97          0          0          0
      0.98          0          0          0
      0.99          0          0          0
