         0          1   0.181029   0.306561
      0.01   0.999031   0.182128   0.308089
      0.02   0.998277   0.184323   0.311188
      0.03   0.998061   0.187298   0.315406
      0.04   0.989552    0.19178   0.321292
      0.05   0.983305   0.195266   0.325829
      0.06   0.965317    0.20081    0.33246
      0.07   0.953037   0.203952   0.335999
      0.08     0.9162    0.20811   0.339178
      0.09   0.893903   0.211402   0.341938
       0.1   0.836062   0.217253   0.344887
      0.11   0.797717   0.221553    0.34679
      0.12   0.777036   0.224346   0.348169
      0.13   0.738152   0.231597   0.352574
      0.14   0.717579   0.236089   0.355286
      0.15   0.682788   0.244464   0.360025
      0.16    0.66997    0.24767   0.361649
      0.17   0.630439   0.255364   0.363493
      0.18   0.610082    0.26251   0.367073
      0.19   0.586062   0.274809   0.374168
       0.2    0.56872   0.285298    0.37998
      0.21   0.558057   0.299944   0.390177
      0.22   0.532529   0.318523   0.398619
      0.23   0.517019    0.32726   0.400814
      0.24   0.483735    0.34478   0.402605
      0.25   0.469948   0.360305   0.407887
      0.26   0.457885   0.385133   0.418369
      0.27   0.449268   0.397816   0.421979
      0.28   0.438281   0.419635   0.428755
      0.29   0.424171   0.429005   0.426574
       0.3    0.40586   0.448014   0.425896
      0.31   0.372469   0.469161   0.415261
      0.32   0.364175   0.481763   0.414796
      0.33   0.348018   0.494681   0.408587
      0.34   0.324537   0.504505   0.394987
      0.35    0.30321    0.51716   0.382286
      0.36   0.272404   0.518024   0.357052
      0.37   0.245261   0.519048   0.333117
      0.38   0.224688   0.528777   0.315369
      0.39   0.193559   0.541304   0.285153
       0.4   0.184619   0.547215    0.27609
      0.41   0.159522   0.555882   0.247903
      0.42   0.139703   0.546429   0.222516
      0.43   0.120638    0.55042   0.197901
      0.44  0.0998492   0.607143   0.171495
      0.45  0.0904782   0.649254   0.158823
      0.46  0.0717363   0.693182   0.130017
      0.47  0.0541792   0.721311   0.100788
      0.48  0.0360836   0.735294  0.0687913
      0.49   0.021327   0.777778  0.0415157
       0.5  0.0100172          1  0.0198358
      0.51 0.00247738          1 0.00494252
      0.52 0.00247738          1 0.00494252
      0.53  0.0017234          1 0.00344086
      0.54          0          0          0
      0.55          0          0          0
      0.56          0          0          0
      0.57          0          0          0
      0.58          0          0          0
      0.59          0          0          0
       0.6          0          0          0
      0.61          0          0          0
      0.62          0          0          0
      0.63          0          0          0
      0.64          0          0          0
      0.65          0          0          0
      0.66          0          0          0
      0.67          0          0          0
      0.68          0          0          0
      0.69          0          0          0
       0.7          0          0          0
      0.71          0          0          0
      0.72          0          0          0
      0.73          0          0          0
      0.74          0          0          0
      0.75          0          0          0
      0.76          0          0          0
      0.77          0          0          0
      0.78          0          0          0
      0.79          0          0          0
       0.8          0          0          0
      0.81          0          0          0
      0.82          0          0          0
      0.83          0          0          0
      0.84          0          0          0
      0.85          0          0          0
      0.86          0          0          0
      0.87          0          0          0
      0.88          0          0          0
      0.89          0          0          0
       0.9          0          0          0
      0.91          0          0          0
      0.92          0          0          0
      0.93          0          0          0
      0.94          0          0          0
      0.95          0          0          0
      0.96          0          0          0
      0.97          0          0          0
      0.98          0          0          0
      0.99          0          0          0
