         0          1   0.235879   0.381719
      0.01   0.995549   0.266367   0.420284
      0.02   0.993217   0.328519    0.49373
      0.03   0.990603   0.364151   0.532538
      0.04   0.983749   0.383274    0.55163
      0.05    0.97739   0.394473   0.562088
      0.06   0.959161   0.425684   0.589669
      0.07   0.942839   0.446229   0.605761
      0.08   0.906027   0.478588   0.626331
      0.09   0.884477   0.501723   0.640258
       0.1   0.838762    0.53557   0.653722
      0.11   0.771992   0.570733   0.656279
      0.12   0.748958   0.598374   0.665251
      0.13   0.699428   0.627512   0.661521
      0.14   0.665795   0.645529   0.655506
      0.15   0.615912    0.67856    0.64572
      0.16   0.596905   0.701868   0.645145
      0.17   0.555783   0.730513   0.631281
      0.18   0.530842   0.744435   0.619751
      0.19   0.481029   0.755082   0.587676
       0.2   0.448809   0.761538   0.564773
      0.21   0.410796    0.79404   0.541466
      0.22   0.341058    0.87839   0.491341
      0.23   0.305024   0.891784   0.454568
      0.24   0.271179   0.905389   0.417354
      0.25    0.24652   0.905292   0.387516
      0.26   0.206811    0.91547   0.337401
      0.27   0.189642   0.926523   0.314841
      0.28   0.173179   0.951435   0.293022
      0.29   0.159048   0.962312   0.272978
       0.3    0.14209    0.96988   0.247867
      0.31   0.127535    0.97786   0.225641
      0.32   0.101675   0.975207    0.18415
      0.33   0.085141   0.976959   0.156632
      0.34  0.0813962   0.976526   0.150267
      0.35   0.078146   0.971751   0.144659
      0.36  0.0717869   0.967742   0.133659
      0.37  0.0661344   0.962963   0.123769
      0.38  0.0654278    0.96748   0.122567
      0.39  0.0579382   0.961905   0.109293
       0.4  0.0513672   0.955556  0.0974935
      0.41  0.0432417   0.984375  0.0828442
      0.42  0.0394263          1  0.0758616
      0.43  0.0351869          1  0.0679817
      0.44  0.0274853          1  0.0535002
      0.45  0.0202784          1  0.0397507
      0.46  0.0130714          1  0.0258056
      0.47  0.0130714          1  0.0258056
      0.48  0.0130714          1  0.0258056
      0.49  0.0118703          1   0.023462
       0.5  0.0108811          1  0.0215279
      0.51  0.0104571          1  0.0206979
      0.52 0.00586448          1  0.0116606
      0.53 0.00289691          1 0.00577709
      0.54          0          0          0
      0.55          0          0          0
      0.56          0          0          0
      0.57          0          0          0
      0.58          0          0          0
      0.59          0          0          0
       0.6          0          0          0
      0.61          0          0          0
      0.62          0          0          0
      0.63          0          0          0
      0.64          0          0          0
      0.65          0          0          0
      0.66          0          0          0
      0.67          0          0          0
      0.68          0          0          0
      0.69          0          0          0
       0.7          0          0          0
      0.71          0          0          0
      0.72          0          0          0
      0.73          0          0          0
      0.74          0          0          0
      0.75          0          0          0
      0.76          0          0          0
      0.77          0          0          0
      0.78          0          0          0
      0.79          0          0          0
       0.8          0          0          0
      0.81          0          0          0
      0.82          0          0          0
      0.83          0          0          0
      0.84          0          0          0
      0.85          0          0          0
      0.86          0          0          0
      0.87          0          0          0
      0.88          0          0          0
      0.89          0          0          0
       0.9          0          0          0
      0.91          0          0          0
      0.92          0          0          0
      0.93          0          0          0
      0.94          0          0          0
      0.95          0          0          0
      0.96          0          0          0
      0.97          0          0          0
      0.98          0          0          0
      0.99          0          0          0
