         0          1   0.265439    0.41952
      0.01   0.996565   0.260531   0.413073
      0.02   0.995607   0.262852   0.415902
      0.03   0.994928    0.26766   0.421836
      0.04   0.989217   0.276564   0.432274
      0.05   0.985503   0.284193   0.441166
      0.06   0.971484    0.29667   0.454535
      0.07   0.966053   0.306301   0.465126
      0.08   0.952514   0.320624   0.479758
      0.09   0.944846   0.329779   0.488913
       0.1   0.931507    0.34161   0.499894
      0.11   0.908942   0.355027   0.510612
      0.12   0.888813   0.363058   0.515533
      0.13   0.855106   0.377341   0.523619
      0.14   0.841487   0.389434   0.532453
      0.15     0.8204   0.406954    0.54404
      0.16   0.804904   0.419596   0.551628
      0.17   0.779224   0.436906   0.559887
      0.18   0.760773   0.448605     0.5644
      0.19   0.717441   0.466157   0.565124
       0.2   0.691881    0.47544   0.563594
      0.21   0.661089   0.491981   0.564134
      0.22   0.621151   0.499403   0.553663
      0.23   0.584488   0.507182   0.543098
      0.24   0.549623    0.51438   0.531418
      0.25   0.513519   0.515532   0.514524
      0.26   0.457446   0.516492   0.485179
      0.27   0.429969   0.516975   0.469475
      0.28   0.375015   0.515059    0.43402
      0.29   0.342346   0.509153   0.409411
       0.3   0.296378   0.508197   0.374405
      0.31   0.253285   0.490456   0.334055
      0.32   0.228803   0.484301   0.310781
      0.33    0.20492   0.486581   0.288388
      0.34   0.177922   0.482094   0.259919
      0.35   0.138624   0.473322   0.214443
      0.36   0.114102   0.472946   0.183849
      0.37  0.0936938    0.48294    0.15694
      0.38  0.0797156   0.475155   0.136527
      0.39  0.0695715   0.496241   0.122034
       0.4  0.0582292   0.511211    0.10455
      0.41  0.0488039   0.502564  0.0889681
      0.42  0.0434123   0.484663  0.0796868
      0.43  0.0428931   0.477124  0.0787102
      0.44  0.0297935   0.438017  0.0557921
      0.45  0.0293143   0.462963  0.0551373
      0.46  0.0258796   0.463415  0.0490216
      0.47  0.0190902   0.460317  0.0366601
      0.48 0.00670953        0.5  0.0132414
      0.49 0.00654978        0.9  0.0130049
       0.5 0.00323495          1 0.00644904
      0.51 0.000279564          1 0.000558971
      0.52 0.000279564          1 0.000558971
      0.53          0          0          0
      0.54          0          0          0
      0.55          0          0          0
      0.56          0          0          0
      0.57          0          0          0
      0.58          0          0          0
      0.59          0          0          0
       0.6          0          0          0
      0.61          0          0          0
      0.62          0          0          0
      0.63          0          0          0
      0.64          0          0          0
      0.65          0          0          0
      0.66          0          0          0
      0.67          0          0          0
      0.68          0          0          0
      0.69          0          0          0
       0.7          0          0          0
      0.71          0          0          0
      0.72          0          0          0
      0.73          0          0          0
      0.74          0          0          0
      0.75          0          0          0
      0.76          0          0          0
      0.77          0          0          0
      0.78          0          0          0
      0.79          0          0          0
       0.8          0          0          0
      0.81          0          0          0
      0.82          0          0          0
      0.83          0          0          0
      0.84          0          0          0
      0.85          0          0          0
      0.86          0          0          0
      0.87          0          0          0
      0.88          0          0          0
      0.89          0          0          0
       0.9          0          0          0
      0.91          0          0          0
      0.92          0          0          0
      0.93          0          0          0
      0.94          0          0          0
      0.95          0          0          0
      0.96          0          0          0
      0.97          0          0          0
      0.98          0          0          0
      0.99          0          0          0
