         0          1    0.32957   0.495755
      0.01    0.99966   0.342468   0.510162
      0.02    0.99966   0.372401   0.542649
      0.03    0.99966   0.392958   0.564152
      0.04   0.999362   0.401787   0.573145
      0.05   0.997873   0.406791   0.577969
      0.06   0.994809    0.41854   0.589193
      0.07   0.991192    0.42956   0.599368
      0.08   0.978172   0.448105    0.61464
      0.09   0.968556   0.463234   0.626723
       0.1   0.959961   0.487808   0.646894
      0.11   0.946685   0.514494   0.666672
      0.12   0.937452   0.530335   0.677433
      0.13   0.911284   0.555257   0.690054
      0.14   0.891073   0.570572   0.695684
      0.15   0.859203   0.598377   0.705453
      0.16   0.842354   0.617088   0.712336
      0.17   0.791848   0.638779   0.707124
      0.18   0.763509   0.656111   0.705748
      0.19   0.730704   0.676508   0.702562
       0.2   0.691516   0.689435   0.690474
      0.21   0.643307   0.709576   0.674818
      0.22   0.580504   0.726985   0.645539
      0.23   0.539018   0.737246   0.622738
      0.24   0.486086   0.758133   0.592368
      0.25   0.468215   0.769678   0.582239
      0.26   0.433878      0.784   0.558612
      0.27   0.417496   0.792618   0.546915
      0.28   0.391669   0.798023   0.525448
      0.29   0.374223   0.806861   0.511304
       0.3   0.349332   0.814875   0.489023
      0.31   0.322313   0.829268   0.464203
      0.32    0.30725   0.837354   0.449548
      0.33   0.283891   0.847896   0.425363
      0.34   0.269041   0.857529    0.40958
      0.35   0.250021   0.871958   0.388613
      0.36   0.235852   0.884198   0.372376
      0.37   0.198451   0.903597    0.32543
      0.38   0.175262   0.912052   0.294023
      0.39   0.158625   0.920543   0.270618
       0.4   0.154029   0.925532   0.264106
      0.41   0.138754   0.942928   0.241911
      0.42   0.121224   0.949102   0.214988
      0.43   0.110331   0.965035   0.198022
      0.44     0.1028   0.971888   0.185933
      0.45  0.0980342   0.977477   0.178197
      0.46  0.0856097   0.978723   0.157447
      0.47   0.071696     0.9875   0.133686
      0.48  0.0625053          1   0.117656
      0.49  0.0530168          1   0.100695
       0.5  0.0387201          1  0.0745535
      0.51  0.0246362          1  0.0480877
      0.52  0.0178283          1   0.035032
      0.53   0.011616          1  0.0229653
      0.54 0.00616969          1  0.0122637
      0.55          0          0          0
      0.56          0          0          0
      0.57          0          0          0
      0.58          0          0          0
      0.59          0          0          0
       0.6          0          0          0
      0.61          0          0          0
      0.62          0          0          0
      0.63          0          0          0
      0.64          0          0          0
      0.65          0          0          0
      0.66          0          0          0
      0.67          0          0          0
      0.68          0          0          0
      0.69          0          0          0
       0.7          0          0          0
      0.71          0          0          0
      0.72          0          0          0
      0.73          0          0          0
      0.74          0          0          0
      0.75          0          0          0
      0.76          0          0          0
      0.77          0          0          0
      0.78          0          0          0
      0.79          0          0          0
       0.8          0          0          0
      0.81          0          0          0
      0.82          0          0          0
      0.83          0          0          0
      0.84          0          0          0
      0.85          0          0          0
      0.86          0          0          0
      0.87          0          0          0
      0.88          0          0          0
      0.89          0          0          0
       0.9          0          0          0
      0.91          0          0          0
      0.92          0          0          0
      0.93          0          0          0
      0.94          0          0          0
      0.95          0          0          0
      0.96          0          0          0
      0.97          0          0          0
      0.98          0          0          0
      0.99          0          0          0
