         0          1   0.256164   0.407851
      0.01   0.997214   0.255671   0.406995
      0.02   0.997214    0.26415   0.417665
      0.03   0.997214   0.271701   0.427048
      0.04   0.997098   0.292159   0.451906
      0.05   0.996576   0.313065   0.476456
      0.06   0.995531   0.351787    0.51987
      0.07   0.994719   0.380021   0.549943
      0.08   0.982995   0.419272   0.587823
      0.09   0.981892   0.439774   0.607472
       0.1   0.978468   0.465612   0.630971
      0.11   0.976204   0.482787   0.646061
      0.12   0.970517   0.492708   0.653599
      0.13    0.95711    0.50396   0.660263
      0.14   0.950377   0.506981   0.661228
      0.15   0.920778   0.508238    0.65496
      0.16   0.906326   0.510312   0.652967
      0.17   0.892571   0.514687   0.652893
      0.18   0.871851   0.520274   0.651667
      0.19   0.849449   0.529043   0.652009
       0.2   0.839292    0.53587   0.654107
      0.21   0.814103   0.548071   0.655109
      0.22   0.795589   0.557519   0.655611
      0.23   0.762043   0.561963   0.646885
      0.24   0.698491   0.570747   0.628191
      0.25   0.660534   0.579309   0.617261
      0.26   0.616599   0.592495   0.604307
      0.27   0.596518   0.594511   0.595513
      0.28   0.550551   0.599028   0.573768
      0.29   0.511376   0.604211   0.553931
       0.3   0.491933   0.603466   0.542021
      0.31   0.462507   0.595047   0.520472
      0.32   0.437841   0.590385   0.502797
      0.33   0.404353   0.588978   0.479508
      0.34   0.389553   0.601738   0.472936
      0.35   0.361056   0.599388   0.450652
      0.36    0.35177   0.595341   0.442236
      0.37   0.336448   0.590854   0.428753
      0.38   0.316077    0.58478   0.410354
      0.39   0.279396   0.570428   0.375079
       0.4   0.255078   0.576616   0.353693
      0.41    0.22397   0.565041   0.320787
      0.42    0.18224   0.540189   0.272537
      0.43   0.161869   0.522465   0.247162
      0.44   0.124434   0.475073   0.197213
      0.45   0.109692    0.45625   0.176863
      0.46  0.0953569   0.425308   0.155786
      0.47  0.0905978    0.40396   0.148002
      0.48  0.0642484   0.527426   0.114544
      0.49  0.0518282   0.773913  0.0971503
       0.5  0.0233894   0.653846  0.0451633
      0.51 0.00835752   0.458333  0.0164157
      0.52 0.00406268   0.461538 0.00805446
      0.53 0.00266976   0.142857 0.00524157
      0.54 0.00266976        0.2 0.00526919
      0.55 0.00266976        0.5 0.00531116
      0.56          0          0          0
      0.57          0          0          0
      0.58          0          0          0
      0.59          0          0          0
       0.6          0          0          0
      0.61          0          0          0
      0.62          0          0          0
      0.63          0          0          0
      0.64          0          0          0
      0.65          0          0          0
      0.66          0          0          0
      0.67          0          0          0
      0.68          0          0          0
      0.69          0          0          0
       0.7          0          0          0
      0.71          0          0          0
      0.72          0          0          0
      0.73          0          0          0
      0.74          0          0          0
      0.75          0          0          0
      0.76          0          0          0
      0.77          0          0          0
      0.78          0          0          0
      0.79          0          0          0
       0.8          0          0          0
      0.81          0          0          0
      0.82          0          0          0
      0.83          0          0          0
      0.84          0          0          0
      0.85          0          0          0
      0.86          0          0          0
      0.87          0          0          0
      0.88          0          0          0
      0.89          0          0          0
       0.9          0          0          0
      0.91          0          0          0
      0.92          0          0          0
      0.93          0          0          0
      0.94          0          0          0
      0.95          0          0          0
      0.96          0          0          0
      0.97          0          0          0
      0.98          0          0          0
      0.99          0          0          0
