         0          1   0.382258   0.553092
      0.01   0.998604   0.435634    0.60663
      0.02   0.997817    0.46582   0.635135
      0.03   0.996063   0.492669   0.659258
      0.04   0.992376   0.516244   0.679175
      0.05   0.990086   0.523453   0.684837
      0.06   0.987151   0.532186   0.691549
      0.07   0.984788   0.537559   0.695481
      0.08   0.973872   0.543895   0.697978
      0.09   0.961452   0.547854   0.697983
       0.1   0.939654   0.554701   0.697595
      0.11   0.921651   0.562656    0.69874
      0.12   0.906296   0.567242   0.697762
      0.13   0.888579   0.575488   0.698556
      0.14   0.874763   0.579237   0.696967
      0.15   0.852178   0.581673   0.691409
      0.16   0.831669   0.586152   0.687653
      0.17   0.800351   0.593853   0.681809
      0.18   0.784602   0.597207   0.678198
      0.19    0.75672   0.602979   0.671157
       0.2   0.719281   0.608756   0.659419
      0.21   0.691471   0.617454   0.652369
      0.22   0.671821   0.630735    0.65063
      0.23   0.655822    0.64157   0.648617
      0.24   0.632915   0.652463    0.64254
      0.25    0.62232   0.661772    0.64144
      0.26   0.606858   0.678196   0.640547
      0.27   0.588926   0.689813    0.63539
      0.28   0.574824   0.704593   0.633127
      0.29   0.566413    0.71382    0.63163
       0.3   0.550449    0.72495   0.625762
      0.31    0.53241   0.744392   0.620804
      0.32   0.515695   0.757874   0.613758
      0.33   0.495293   0.777896   0.605231
      0.34   0.479115   0.789307   0.596282
      0.35   0.458821   0.809393   0.585653
      0.36   0.437238   0.819646   0.570268
      0.37   0.411182   0.834419   0.550895
      0.38   0.400873   0.845472   0.543874
      0.39   0.371345    0.85865   0.518466
       0.4   0.361824   0.865587   0.510326
      0.41   0.345682   0.870528   0.494858
      0.42   0.324958   0.870577   0.473262
      0.43   0.303339      0.875   0.450502
      0.44   0.272737   0.872549   0.415576
      0.45   0.252121   0.870624    0.39101
      0.46   0.205054   0.875637   0.332293
      0.47   0.179355   0.864728    0.29709
      0.48   0.130212   0.837429    0.22538
      0.49   0.100326   0.818681   0.178747
       0.5  0.0541179    0.90604   0.102135
      0.51  0.0257346   0.859155  0.0499724
      0.52   0.015856   0.826087  0.0311147
      0.53 0.00751637   0.740741  0.0148817
      0.54 0.00751637   0.818182  0.0148959
      0.55 0.00204016        0.8 0.00406994
      0.56 0.000608468      0.875 0.00121609
      0.57 0.000572676          1  0.0011447
      0.58 0.000393715          1 0.00078712
      0.59          0          0          0
       0.6          0          0          0
      0.61          0          0          0
      0.62          0          0          0
      0.63          0          0          0
      0.64          0          0          0
      0.65          0          0          0
      0.66          0          0          0
      0.67          0          0          0
      0.68          0          0          0
      0.69          0          0          0
       0.7          0          0          0
      0.71          0          0          0
      0.72          0          0          0
      0.73          0          0          0
      0.74          0          0          0
      0.75          0          0          0
      0.76          0          0          0
      0.77          0          0          0
      0.78          0          0          0
      0.79          0          0          0
       0.8          0          0          0
      0.81          0          0          0
      0.82          0          0          0
      0.83          0          0          0
      0.84          0          0          0
      0.85          0          0          0
      0.86          0          0          0
      0.87          0          0          0
      0.88          0          0          0
      0.89          0          0          0
       0.9          0          0          0
      0.91          0          0          0
      0.92          0          0          0
      0.93          0          0          0
      0.94          0          0          0
      0.95          0          0          0
      0.96          0          0          0
      0.97          0          0          0
      0.98          0          0          0
      0.99          0          0          0
