         0          1   0.173626   0.295879
      0.01   0.997769   0.188714   0.317397
      0.02   0.996702    0.27515   0.431249
      0.03   0.974971   0.393833   0.561038
      0.04   0.904443   0.525039   0.664392
      0.05   0.847497   0.547555   0.665282
      0.06   0.792685   0.555821   0.653451
      0.07   0.774253   0.560081   0.649979
      0.08   0.746411   0.558365   0.638837
      0.09    0.73409   0.562743   0.637097
       0.1   0.728851   0.566638   0.637589
      0.11    0.72012   0.567854   0.634987
      0.12     0.7143    0.56562   0.631324
      0.13   0.709061   0.564212   0.628397
      0.14   0.704695   0.561864   0.625226
      0.15   0.688882   0.558482   0.616866
      0.16   0.676271   0.555591    0.61002
      0.17   0.668316   0.553676   0.605619
      0.18   0.666085   0.553902   0.604836
      0.19   0.656868   0.552193        0.6
       0.2   0.646585   0.553889   0.596658
      0.21   0.639115   0.551449   0.592055
      0.22   0.620295   0.556322   0.586569
      0.23   0.614377   0.560827   0.586382
      0.24   0.588572   0.553985   0.570755
      0.25   0.576542   0.555157   0.565648
      0.26   0.559177   0.552568   0.555853
      0.27   0.551804   0.555556   0.553674
      0.28   0.538902   0.570034   0.554031
      0.29   0.524544   0.604098   0.561517
       0.3   0.497478   0.636364   0.558414
      0.31   0.460419   0.702218   0.556174
      0.32   0.430927   0.824611   0.566048
      0.33    0.37272   0.932927   0.532641
      0.34   0.319558   0.964286   0.480035
      0.35   0.245246          1   0.393892
      0.36   0.195285          1   0.326759
      0.37   0.132809          1   0.234478
      0.38  0.0891541          1   0.163712
      0.39  0.0681024          1    0.12752
       0.4  0.0501552          1  0.0955196
      0.41  0.0228948          1  0.0447648
      0.42          0          0          0
      0.43          0          0          0
      0.44          0          0          0
      0.45          0          0          0
      0.46          0          0          0
      0.47          0          0          0
      0.48          0          0          0
      0.49          0          0          0
       0.5          0          0          0
      0.51          0          0          0
      0.52          0          0          0
      0.53          0          0          0
      0.54          0          0          0
      0.55          0          0          0
      0.56          0          0          0
      0.57          0          0          0
      0.58          0          0          0
      0.59          0          0          0
       0.6          0          0          0
      0.61          0          0          0
      0.62          0          0          0
      0.63          0          0          0
      0.64          0          0          0
      0.65          0          0          0
      0.66          0          0          0
      0.67          0          0          0
      0.68          0          0          0
      0.69          0          0          0
       0.7          0          0          0
      0.71          0          0          0
      0.72          0          0          0
      0.73          0          0          0
      0.74          0          0          0
      0.75          0          0          0
      0.76          0          0          0
      0.77          0          0          0
      0.78          0          0          0
      0.79          0          0          0
       0.8          0          0          0
      0.81          0          0          0
      0.82          0          0          0
      0.83          0          0          0
      0.84          0          0          0
      0.85          0          0          0
      0.86          0          0          0
      0.87          0          0          0
      0.88          0          0          0
      0.89          0          0          0
       0.9          0          0          0
      0.91          0          0          0
      0.92          0          0          0
      0.93          0          0          0
      0.94          0          0          0
      0.95          0          0          0
      0.96          0          0          0
      0.97          0          0          0
      0.98          0          0          0
      0.99          0          0          0
