         0          1   0.331079    0.49746
      0.01   0.997968   0.316181   0.480217
      0.02   0.997968   0.316117   0.480143
      0.03   0.997968   0.315956   0.479958
      0.04   0.997885   0.315615   0.479555
      0.05   0.997885   0.315264    0.47915
      0.06   0.997885   0.314186   0.477903
      0.07    0.99776   0.313582    0.47719
      0.08   0.997387   0.312241   0.475593
      0.09   0.996931   0.311403   0.474569
       0.1   0.993074   0.309306   0.471696
      0.11   0.986604    0.30787   0.469296
      0.12   0.982955    0.30658   0.467385
      0.13    0.97354   0.304509   0.463913
      0.14    0.96649   0.302331   0.460585
      0.15   0.953135   0.299795   0.456123
      0.16   0.942684   0.300104   0.455272
      0.17     0.9251   0.300043   0.453122
      0.18   0.911123   0.300935   0.452435
      0.19   0.887608   0.301353   0.449945
       0.2   0.876949   0.302727   0.450083
      0.21    0.84995   0.303788   0.447596
      0.22    0.81814   0.307943   0.447463
      0.23   0.800473   0.309727   0.446636
      0.24   0.765677   0.313627   0.444985
      0.25   0.749088   0.317717   0.446189
      0.26   0.710974   0.322622    0.44384
      0.27   0.693555   0.330474   0.447647
      0.28   0.666266    0.33908   0.449433
      0.29   0.641631   0.342498   0.446603
       0.3    0.61036   0.354602   0.448588
      0.31   0.580956   0.361518   0.445691
      0.32   0.554827   0.365254   0.440511
      0.33   0.514806   0.370925   0.431179
      0.34   0.489756   0.373786   0.423984
      0.35   0.455956   0.383741   0.416743
      0.36   0.418754   0.383207   0.400193
      0.37   0.375539   0.387519   0.381435
      0.38   0.344103   0.391066   0.366084
      0.39   0.302422    0.39022   0.340756
       0.4   0.280524   0.391853   0.326972
      0.41    0.24689   0.389747    0.30229
      0.42   0.212964   0.390501   0.275618
      0.43     0.1892    0.38641   0.254022
      0.44   0.153368   0.375821   0.217838
      0.45   0.136073   0.371795    0.19923
      0.46   0.105798   0.362832   0.163826
      0.47  0.0851443   0.348525   0.136855
      0.48  0.0596798   0.311741   0.100181
      0.49  0.0466158   0.302564  0.0807851
       0.5   0.027787   0.261261  0.0502315
      0.51  0.0126908   0.262295  0.0242102
      0.52 0.00991208    0.25641  0.0190863
      0.53 0.00252986  0.0714286 0.00488665
      0.54          0          0          0
      0.55          0          0          0
      0.56          0          0          0
      0.57          0          0          0
      0.58          0          0          0
      0.59          0          0          0
       0.6          0          0          0
      0.61          0          0          0
      0.62          0          0          0
      0.63          0          0          0
      0.64          0          0          0
      0.65          0          0          0
      0.66          0          0          0
      0.67          0          0          0
      0.68          0          0          0
      0.69          0          0          0
       0.7          0          0          0
      0.71          0          0          0
      0.72          0          0          0
      0.73          0          0          0
      0.74          0          0          0
      0.75          0          0          0
      0.76          0          0          0
      0.77          0          0          0
      0.78          0          0          0
      0.79          0          0          0
       0.8          0          0          0
      0.81          0          0          0
      0.82          0          0          0
      0.83          0          0          0
      0.84          0          0          0
      0.85          0          0          0
      0.86          0          0          0
      0.87          0          0          0
      0.88          0          0          0
      0.89          0          0          0
       0.9          0          0          0
      0.91          0          0          0
      0.92          0          0          0
      0.93          0          0          0
      0.94          0          0          0
      0.95          0          0          0
      0.96          0          0          0
      0.97          0          0          0
      0.98          0          0          0
      0.99          0          0          0
