         0          1   0.393948   0.565226
      0.01   0.999894   0.389013   0.560112
      0.02   0.999894   0.389746   0.560871
      0.03   0.999894   0.390334    0.56148
      0.04   0.999823     0.3918   0.562984
      0.05   0.999823   0.393396    0.56463
      0.06   0.999717    0.39825   0.569595
      0.07   0.999257   0.401519   0.572855
      0.08   0.995154   0.408823   0.579556
      0.09   0.989106   0.414576   0.584263
       0.1   0.970819   0.428075    0.59416
      0.11   0.933928   0.448249   0.605757
      0.12   0.900396   0.459819   0.608756
      0.13   0.848472    0.48042   0.613478
      0.14    0.79959   0.490798   0.608247
      0.15   0.730086    0.51101   0.601213
      0.16   0.681346   0.528404   0.595207
      0.17   0.604556   0.545332   0.573419
      0.18   0.558609    0.55974   0.559174
      0.19   0.478636   0.578678   0.523924
       0.2   0.426111    0.58636   0.493553
      0.21   0.361418   0.602871   0.451915
      0.22   0.291419   0.624585   0.397413
      0.23   0.256154   0.660021   0.369072
      0.24   0.216752   0.709913   0.332104
      0.25   0.187252    0.74223   0.299058
      0.26    0.14601   0.780679   0.246009
      0.27   0.135364   0.852234    0.23362
      0.28    0.10972   0.931217    0.19631
      0.29  0.0863398   0.902985    0.15761
       0.3  0.0597765   0.896552    0.11208
      0.31   0.040747   0.859649  0.0778061
      0.32  0.0328594   0.857143  0.0632924
      0.33  0.0188526   0.923077  0.0369505
      0.34  0.0145374   0.904762  0.0286149
      0.35  0.0106466          1  0.0210688
      0.36 0.00544709          1  0.0108352
      0.37 0.00392615          1 0.00782158
      0.38 0.00258206          1 0.00515082
      0.39 0.00222835          1  0.0044468
       0.4          0          0          0
      0.41          0          0          0
      0.42          0          0          0
      0.43          0          0          0
      0.44          0          0          0
      0.45          0          0          0
      0.46          0          0          0
      0.47          0          0          0
      0.48          0          0          0
      0.49          0          0          0
       0.5          0          0          0
      0.51          0          0          0
      0.52          0          0          0
      0.53          0          0          0
      0.54          0          0          0
      0.55          0          0          0
      0.56          0          0          0
      0.57          0          0          0
      0.58          0          0          0
      0.59          0          0          0
       0.6          0          0          0
      0.61          0          0          0
      0.62          0          0          0
      0.63          0          0          0
      0.64          0          0          0
      0.65          0          0          0
      0.66          0          0          0
      0.67          0          0          0
      0.68          0          0          0
      0.69          0          0          0
       0.7          0          0          0
      0.71          0          0          0
      0.72          0          0          0
      0.73          0          0          0
      0.74          0          0          0
      0.75          0          0          0
      0.76          0          0          0
      0.77          0          0          0
      0.78          0          0          0
      0.79          0          0          0
       0.8          0          0          0
      0.81          0          0          0
      0.82          0          0          0
      0.83          0          0          0
      0.84          0          0          0
      0.85          0          0          0
      0.86          0          0          0
      0.87          0          0          0
      0.88          0          0          0
      0.89          0          0          0
       0.9          0          0          0
      0.91          0          0          0
      0.92          0          0          0
      0.93          0          0          0
      0.94          0          0          0
      0.95          0          0          0
      0.96          0          0          0
      0.97          0          0          0
      0.98          0          0          0
      0.99          0          0          0
