         0          1   0.310743   0.474148
      0.01   0.997834   0.316205    0.48023
      0.02   0.997754   0.349492   0.517659
      0.03   0.997594    0.36006   0.529138
      0.04   0.994305   0.361472   0.530195
      0.05   0.989652   0.361167   0.529204
      0.06    0.98147   0.363223   0.530221
      0.07   0.977059   0.366201   0.532734
      0.08    0.97012   0.375794   0.541736
      0.09   0.968034   0.385063   0.550964
       0.1   0.961697   0.403439   0.568421
      0.11   0.954799   0.427825   0.590886
      0.12   0.950588      0.447   0.608066
      0.13    0.94405   0.477376   0.634105
      0.14   0.939759   0.500742   0.653352
      0.15   0.929331    0.53573   0.679658
      0.16   0.923635   0.558944   0.696436
      0.17   0.908314   0.587473   0.713484
      0.18   0.892672   0.600986   0.718348
      0.19   0.873461   0.615484   0.722124
       0.2   0.858822      0.625   0.723488
      0.21   0.830706   0.635871   0.720346
      0.22   0.784342   0.641759   0.705923
      0.23   0.747203    0.63975   0.689314
      0.24   0.702322   0.640549   0.670015
      0.25   0.669474   0.635208   0.651891
      0.26   0.635744   0.628622   0.632163
      0.27   0.608992   0.622589   0.615715
      0.28   0.566639   0.612881   0.588854
      0.29   0.540368   0.603374   0.570136
       0.3   0.507721   0.590442   0.545966
      0.31   0.457105   0.580009   0.511275
      0.32   0.423535   0.574239   0.487506
      0.33   0.395821   0.570752   0.467457
      0.34   0.359604   0.564544    0.43935
      0.35   0.319657   0.554411   0.405509
      0.36    0.28721   0.545391   0.376271
      0.37   0.236353   0.532182   0.327332
      0.38   0.210364   0.512175   0.298235
      0.39   0.185617   0.496296   0.270184
       0.4   0.164481   0.482656    0.24535
      0.41   0.145831   0.466019   0.222146
      0.42   0.124574   0.472656   0.197179
      0.43    0.11551    0.50641   0.188112
      0.44   0.102194   0.496855   0.169521
      0.45   0.083945   0.474619   0.142658
      0.46  0.0670597   0.455197   0.116898
      0.47  0.0510969   0.556886  0.0936052
      0.48   0.038423       0.84  0.0734846
      0.49  0.0310833   0.813559  0.0598788
       0.5  0.0233025   0.853659  0.0453665
      0.51  0.0162435   0.846154  0.0318752
      0.52  0.0121125   0.789474  0.0238589
      0.53 0.00493322   0.714286 0.00979877
      0.54          0          0          0
      0.55          0          0          0
      0.56          0          0          0
      0.57          0          0          0
      0.58          0          0          0
      0.59          0          0          0
       0.6          0          0          0
      0.61          0          0          0
      0.62          0          0          0
      0.63          0          0          0
      0.64          0          0          0
      0.65          0          0          0
      0.66          0          0          0
      0.67          0          0          0
      0.68          0          0          0
      0.69          0          0          0
       0.7          0          0          0
      0.71          0          0          0
      0.72          0          0          0
      0.73          0          0          0
      0.74          0          0          0
      0.75          0          0          0
      0.76          0          0          0
      0.77          0          0          0
      0.78          0          0          0
      0.79          0          0          0
       0.8          0          0          0
      0.81          0          0          0
      0.82          0          0          0
      0.83          0          0          0
      0.84          0          0          0
      0.85          0          0          0
      0.86          0          0          0
      0.87          0          0          0
      0.88          0          0          0
      0.89          0          0          0
       0.9          0          0          0
      0.91          0          0          0
      0.92          0          0          0
      0.93          0          0          0
      0.94          0          0          0
      0.95          0          0          0
      0.96          0          0          0
      0.97          0          0          0
      0.98          0          0          0
      0.99          0          0          0
