         0          1   0.172013   0.293534
      0.01    0.99247   0.167563   0.286718
      0.02    0.99247    0.16817   0.287606
      0.03    0.99247   0.170784    0.29142
      0.04   0.992398   0.180486   0.305425
      0.05   0.991824   0.193102   0.323266
      0.06   0.987737    0.21957   0.359275
      0.07   0.978844   0.241946   0.387991
      0.08    0.95066   0.276799   0.428758
      0.09   0.932659   0.299112   0.452957
       0.1   0.905336   0.340166   0.494523
      0.11   0.873207   0.377795   0.527406
      0.12   0.855709   0.401994   0.547013
      0.13   0.820066   0.431628   0.565575
      0.14   0.787866   0.446758    0.57019
      0.15   0.740605    0.46036   0.567785
      0.16   0.706756   0.472552   0.566398
      0.17   0.665663   0.486622   0.562233
      0.18   0.643574   0.496086   0.560287
      0.19   0.603844   0.507683   0.551604
       0.2   0.585772   0.512289   0.546571
      0.21   0.541667   0.506494    0.52349
      0.22   0.497347   0.501541   0.499435
      0.23   0.471242    0.49446   0.482572
      0.24   0.417958   0.487296   0.449971
      0.25   0.394865   0.485493   0.435514
      0.26    0.36288   0.476165   0.411875
      0.27   0.349182   0.463539   0.398315
      0.28   0.316624   0.436262   0.366937
      0.29   0.290519   0.413748   0.341353
       0.3    0.26506   0.389209   0.315356
      0.31   0.233864   0.361868   0.284114
      0.32   0.219951   0.349388   0.269956
      0.33   0.197146    0.32149   0.244412
      0.34   0.185098   0.300091   0.228967
      0.35    0.16932   0.269718    0.20804
      0.36    0.15132   0.252137   0.189132
      0.37   0.120984     0.2189   0.155838
      0.38   0.104705   0.204633   0.138528
      0.39  0.0963138   0.177419   0.124851
       0.4  0.0736517   0.140549  0.0966541
      0.41  0.0386546  0.0778986  0.0516698
      0.42   0.035284  0.0657371  0.0459204
      0.43  0.0272519  0.0475162  0.0346379
      0.44  0.0109725  0.0201511  0.0142084
      0.45 0.00738669  0.0107817 0.00876698
      0.46 0.00286862 0.00299401 0.00292997
      0.47          0          0          0
      0.48          0          0          0
      0.49          0          0          0
       0.5          0          0          0
      0.51          0          0          0
      0.52          0          0          0
      0.53          0          0          0
      0.54          0          0          0
      0.55          0          0          0
      0.56          0          0          0
      0.57          0          0          0
      0.58          0          0          0
      0.59          0          0          0
       0.6          0          0          0
      0.61          0          0          0
      0.62          0          0          0
      0.63          0          0          0
      0.64          0          0          0
      0.65          0          0          0
      0.66          0          0          0
      0.67          0          0          0
      0.68          0          0          0
      0.69          0          0          0
       0.7          0          0          0
      0.71          0          0          0
      0.72          0          0          0
      0.73          0          0          0
      0.74          0          0          0
      0.75          0          0          0
      0.76          0          0          0
      0.77          0          0          0
      0.78          0          0          0
      0.79          0          0          0
       0.8          0          0          0
      0.81          0          0          0
      0.82          0          0          0
      0.83          0          0          0
      0.84          0          0          0
      0.85          0          0          0
      0.86          0          0          0
      0.87          0          0          0
      0.88          0          0          0
      0.89          0          0          0
       0.9          0          0          0
      0.91          0          0          0
      0.92          0          0          0
      0.93          0          0          0
      0.94          0          0          0
      0.95          0          0          0
      0.96          0          0          0
      0.97          0          0          0
      0.98          0          0          0
      0.99          0          0          0
