         0          1   0.171113   0.292223
      0.01   0.999809   0.161422   0.277966
      0.02   0.999809   0.161326   0.277824
      0.03   0.999809   0.161173   0.277596
      0.04   0.999809   0.161071   0.277445
      0.05   0.999238   0.160158   0.276067
      0.06   0.997714   0.159514   0.275052
      0.07   0.995999   0.159403   0.274823
      0.08   0.991427   0.159948   0.275456
      0.09   0.983616   0.161155   0.276937
       0.1   0.980472   0.164515   0.281754
      0.11   0.976567   0.169679   0.289122
      0.12   0.970661   0.173329   0.294135
      0.13   0.960088   0.181622    0.30546
      0.14   0.944942   0.185718   0.310425
      0.15   0.915508   0.195413   0.322079
      0.16   0.890074   0.204002   0.331928
      0.17   0.836826    0.21633   0.343787
      0.18   0.788817   0.226121   0.351486
      0.19   0.734235   0.245105   0.367522
       0.2   0.693846   0.253464   0.371294
      0.21   0.635835    0.27271   0.381706
      0.22   0.583159   0.287314   0.384963
      0.23   0.565727   0.297098   0.389595
      0.24   0.492094    0.30515   0.376704
      0.25   0.460945   0.310095   0.370764
      0.26   0.400552   0.312214   0.350909
      0.27   0.372452   0.316744   0.342346
      0.28   0.335778     0.3206   0.328013
      0.29   0.308725   0.323216   0.315805
       0.3   0.274814   0.317013   0.294409
      0.31   0.248047    0.30753   0.274604
      0.32   0.220804   0.307453   0.257022
      0.33   0.196609   0.317248   0.242767
      0.34   0.167841   0.309942    0.21776
      0.35   0.150124   0.314507   0.203237
      0.36   0.138407   0.325638   0.194251
      0.37   0.122881   0.331499   0.179299
      0.38   0.103544   0.333841   0.158063
      0.39  0.0997333   0.346903   0.154926
       0.4   0.098876    0.35249   0.154433
      0.41  0.0946847   0.364444   0.150316
      0.42  0.0811583   0.370474   0.133148
      0.43  0.0736331   0.397394   0.124245
      0.44  0.0625833   0.446352   0.109775
      0.45  0.0579158   0.539394     0.1046
      0.46  0.0578205   0.702703   0.106849
      0.47  0.0485807   0.802632  0.0916161
      0.48  0.0477234   0.907407  0.0906777
      0.49  0.0397219          1  0.0764086
       0.5  0.0325776          1  0.0630996
      0.51   0.016003          1   0.031502
      0.52  0.0159078          1  0.0313174
      0.53  0.0113355          1  0.0224169
      0.54  0.0105734          1  0.0209256
      0.55 0.00485807          1 0.00966916
      0.56          0          0          0
      0.57          0          0          0
      0.58          0          0          0
      0.59          0          0          0
       0.6          0          0          0
      0.61          0          0          0
      0.62          0          0          0
      0.63          0          0          0
      0.64          0          0          0
      0.65          0          0          0
      0.66          0          0          0
      0.67          0          0          0
      0.68          0          0          0
      0.69          0          0          0
       0.7          0          0          0
      0.71          0          0          0
      0.72          0          0          0
      0.73          0          0          0
      0.74          0          0          0
      0.75          0          0          0
      0.76          0          0          0
      0.77          0          0          0
      0.78          0          0          0
      0.79          0          0          0
       0.8          0          0          0
      0.81          0          0          0
      0.82          0          0          0
      0.83          0          0          0
      0.84          0          0          0
      0.85          0          0          0
      0.86          0          0          0
      0.87          0          0          0
      0.88          0          0          0
      0.89          0          0          0
       0.9          0          0          0
      0.91          0          0          0
      0.92          0          0          0
      0.93          0          0          0
      0.94          0          0          0
      0.95          0          0          0
      0.96          0          0          0
      0.97          0          0          0
      0.98          0          0          0
      0.99          0          0          0
