         0          1   0.391539   0.562742
      0.01   0.988155   0.385572   0.554702
      0.02    0.98784   0.392921   0.562216
      0.03    0.98763   0.404266     0.5737
      0.04   0.982864    0.41647    0.58504
      0.05   0.973752   0.424928   0.591665
      0.06   0.958228   0.438416   0.601588
      0.07   0.928722   0.447115   0.603626
      0.08   0.897638   0.460941   0.609104
      0.09    0.87528   0.469418     0.6111
       0.1   0.834945   0.480328   0.609832
      0.11   0.778946    0.48906   0.600867
      0.12   0.737349   0.493655   0.591381
      0.13   0.674586   0.500181   0.574438
      0.14   0.634357   0.504131   0.561796
      0.15   0.583368   0.513033   0.545944
      0.16   0.547028   0.518223   0.532236
      0.17   0.516155   0.540374   0.527987
      0.18   0.484896   0.550219   0.515497
      0.19   0.438359   0.574526    0.49729
       0.2   0.410008   0.592331   0.484588
      0.21   0.379451   0.615665   0.469522
      0.22   0.347841   0.648719    0.45286
      0.23   0.329338   0.665388   0.440599
      0.24   0.303336   0.682274    0.41996
      0.25   0.288968   0.681818   0.405906
      0.26   0.253364   0.672779   0.368103
      0.27    0.22978   0.665899   0.341663
      0.28    0.21359   0.671782   0.324126
      0.29    0.20525   0.667285   0.313936
       0.3   0.188183   0.670455    0.29388
      0.31   0.171257   0.647392   0.270862
      0.32   0.165125   0.635071   0.262101
      0.33   0.155873   0.616967   0.248871
      0.34   0.138667   0.603329   0.225505
      0.35    0.11701   0.567901    0.19404
      0.36   0.113471   0.548544   0.188043
      0.37  0.0910779   0.506261   0.154382
      0.38  0.0816863   0.480962   0.139654
      0.39  0.0747126   0.497585   0.129918
       0.4  0.0684749   0.486034   0.120038
      0.41  0.0545977   0.502024  0.0984847
      0.42  0.0404752   0.840336  0.0772305
      0.43  0.0360597   0.924731  0.0694127
      0.44  0.0299622   0.901408  0.0579965
      0.45  0.0227082       0.88  0.0442738
      0.46   0.013702   0.933333  0.0270075
      0.47  0.0127909   0.961538  0.0252459
      0.48 0.00651808          1  0.0129517
      0.49 0.00504626          1  0.0100418
       0.5 0.000315391          1 0.000630583
      0.51          0          0          0
      0.52          0          0          0
      0.53          0          0          0
      0.54          0          0          0
      0.55          0          0          0
      0.56          0          0          0
      0.57          0          0          0
      0.58          0          0          0
      0.59          0          0          0
       0.6          0          0          0
      0.61          0          0          0
      0.62          0          0          0
      0.63          0          0          0
      0.64          0          0          0
      0.65          0          0          0
      0.66          0          0          0
      0.67          0          0          0
      0.68          0          0          0
      0.69          0          0          0
       0.7          0          0          0
      0.71          0          0          0
      0.72          0          0          0
      0.73          0          0          0
      0.74          0          0          0
      0.75          0          0          0
      0.76          0          0          0
      0.77          0          0          0
      0.78          0          0          0
      0.79          0          0          0
       0.8          0          0          0
      0.81          0          0          0
      0.82          0          0          0
      0.83          0          0          0
      0.84          0          0          0
      0.85          0          0          0
      0.86          0          0          0
      0.87          0          0          0
      0.88          0          0          0
      0.89          0          0          0
       0.9          0          0          0
      0.91          0          0          0
      0.92          0          0          0
      0.93          0          0          0
      0.94          0          0          0
      0.95          0          0          0
      0.96          0          0          0
      0.97          0          0          0
      0.98          0          0          0
      0.99          0          0          0
