         0          1   0.216663    0.35616
      0.01   0.999774   0.266194   0.420443
      0.02   0.999774   0.504653   0.670739
      0.03   0.999411   0.582878   0.736319
      0.04   0.999094   0.690142   0.816365
      0.05   0.999094   0.705075   0.826721
      0.06   0.998958   0.710701   0.830529
      0.07   0.998822    0.71395   0.832696
      0.08   0.996966   0.720143    0.83624
      0.09   0.996558   0.725748   0.839862
       0.1   0.994429    0.73532   0.845468
      0.11   0.991033   0.744993   0.850578
      0.12   0.989538   0.753118   0.855291
      0.13   0.988315   0.766071   0.863116
      0.14   0.985417   0.772149   0.865843
      0.15    0.98356   0.783443   0.872169
      0.16   0.981703   0.791524   0.876415
      0.17   0.978533   0.799509   0.880008
      0.18   0.975906   0.801942   0.880412
      0.19   0.969158    0.80393   0.878845
       0.2   0.965987   0.807766    0.87982
      0.21   0.957971   0.809316   0.877391
      0.22   0.952129   0.810323   0.875521
      0.23   0.946286    0.81088   0.873366
      0.24    0.93433   0.811393   0.868532
      0.25   0.914357   0.811221   0.859707
      0.26   0.891757   0.812723   0.850408
      0.27   0.880118   0.817159   0.847471
      0.28   0.868614   0.820443   0.843842
      0.29   0.854755   0.821407   0.837749
       0.3   0.829257   0.820331    0.82477
      0.31   0.792663   0.819886   0.806045
      0.32   0.768342   0.819404   0.793052
      0.33   0.738632   0.822084   0.778127
      0.34   0.720109   0.822854    0.76806
      0.35   0.685281   0.827068   0.749528
      0.36   0.665534   0.837187   0.741557
      0.37   0.617708   0.843807   0.713269
      0.38   0.596739   0.856973   0.703563
      0.39   0.553487   0.916421   0.690148
       0.4   0.530118   0.942793   0.678644
      0.41   0.497237          1   0.664206
      0.42   0.442799          1   0.613805
      0.43   0.411141          1   0.582707
      0.44   0.340308          1   0.507806
      0.45    0.29221          1   0.452264
      0.46   0.221739          1   0.362989
      0.47   0.165987          1   0.284715
      0.48    0.10788          1   0.194751
      0.49  0.0745471          1   0.138751
       0.5  0.0331975          1  0.0642616
      0.51 0.00317029          1 0.00632054
      0.52          0          0          0
      0.53          0          0          0
      0.54          0          0          0
      0.55          0          0          0
      0.56          0          0          0
      0.57          0          0          0
      0.58          0          0          0
      0.59          0          0          0
       0.6          0          0          0
      0.61          0          0          0
      0.62          0          0          0
      0.63          0          0          0
      0.64          0          0          0
      0.65          0          0          0
      0.66          0          0          0
      0.67          0          0          0
      0.68          0          0          0
      0.69          0          0          0
       0.7          0          0          0
      0.71          0          0          0
      0.72          0          0          0
      0.73          0          0          0
      0.74          0          0          0
      0.75          0          0          0
      0.76          0          0          0
      0.77          0          0          0
      0.78          0          0          0
      0.79          0          0          0
       0.8          0          0          0
      0.81          0          0          0
      0.82          0          0          0
      0.83          0          0          0
      0.84          0          0          0
      0.85          0          0          0
      0.86          0          0          0
      0.87          0          0          0
      0.88          0          0          0
      0.89          0          0          0
       0.9          0          0          0
      0.91          0          0          0
      0.92          0          0          0
      0.93          0          0          0
      0.94          0          0          0
      0.95          0          0          0
      0.96          0          0          0
      0.97          0          0          0
      0.98          0          0          0
      0.99          0          0          0
