         0          1   0.205491   0.340925
      0.01    0.99625   0.217416   0.356936
      0.02    0.99625   0.223504     0.3651
      0.03   0.995584    0.23464   0.379774
      0.04   0.991167   0.259953   0.411882
      0.05   0.987918   0.279975   0.436303
      0.06   0.966586   0.300148   0.458058
      0.07   0.951504   0.310181   0.467849
      0.08   0.896009   0.320021   0.471603
      0.09   0.856845   0.322959   0.469105
       0.1    0.80235   0.329583   0.467237
      0.11   0.724856   0.336611   0.459731
      0.12   0.681943   0.346486   0.459505
      0.13    0.63503   0.369207   0.466937
      0.14   0.614282    0.39016   0.477217
      0.15   0.585785   0.414755   0.485652
      0.16   0.556454   0.430993   0.485753
      0.17   0.522206   0.462813   0.490719
      0.18   0.509958   0.485195   0.497268
      0.19   0.485126   0.500513   0.492699
       0.2   0.458295   0.507549   0.481666
      0.21   0.411466   0.518169   0.458694
      0.22   0.366719   0.537969   0.436136
      0.23   0.342555   0.550321   0.422265
      0.24   0.271644   0.588589   0.371729
      0.25    0.24573   0.623552   0.352533
      0.26   0.177152   0.697406   0.282535
      0.27   0.146404   0.734545   0.244147
      0.28   0.118823   0.782828   0.206329
      0.29  0.0979918   0.806061   0.174741
       0.3  0.0735772   0.861789   0.135579
      0.31  0.0553287   0.910112   0.104316
      0.32  0.0494959   0.936709  0.0940235
      0.33    0.04033   0.969231  0.0774377
      0.34  0.0329139   0.982759  0.0636946
      0.35  0.0298308   0.981481  0.0579018
      0.36  0.0294975   0.980392  0.0572719
      0.37  0.0294142   0.977778  0.0571104
      0.38  0.0270811          1  0.0527341
      0.39  0.0238313          1  0.0465533
       0.4  0.0182485          1  0.0358429
      0.41  0.0168319          1  0.0331066
      0.42  0.0141655          1  0.0279353
      0.43  0.0129156          1  0.0255018
      0.44 0.00941588          1  0.0186561
      0.45 0.00524956          1  0.0104443
      0.46 0.00524956          1  0.0104443
      0.47 0.00524956          1  0.0104443
      0.48 0.00491626          1 0.00978441
      0.49 0.00408299          1 0.00813278
       0.5 0.00291642          1 0.00581589
      0.51          0          0          0
      0.52          0          0          0
      0.53          0          0          0
      0.54          0          0          0
      0.55          0          0          0
      0.56          0          0          0
      0.57          0          0          0
      0.58          0          0          0
      0.59          0          0          0
       0.6          0          0          0
      0.61          0          0          0
      0.62          0          0          0
      0.63          0          0          0
      0.64          0          0          0
      0.65          0          0          0
      0.66          0          0          0
      0.67          0          0          0
      0.68          0          0          0
      0.69          0          0          0
       0.7          0          0          0
      0.71          0          0          0
      0.72          0          0          0
      0.73          0          0          0
      0.74          0          0          0
      0.75          0          0          0
      0.76          0          0          0
      0.77          0          0          0
      0.78          0          0          0
      0.79          0          0          0
       0.8          0          0          0
      0.81          0          0          0
      0.82          0          0          0
      0.83          0          0          0
      0.84          0          0          0
      0.85          0          0          0
      0.86          0          0          0
      0.87          0          0          0
      0.88          0          0          0
      0.89          0          0          0
       0.9          0          0          0
      0.91          0          0          0
      0.92          0          0          0
      0.93          0          0          0
      0.94          0          0          0
      0.95          0          0          0
      0.96          0          0          0
      0.97          0          0          0
      0.98          0          0          0
      0.99          0          0          0
