         0          1   0.214804   0.353644
      0.01   0.991267    0.22312   0.364252
      0.02   0.987161   0.319115   0.482314
      0.03   0.983131   0.385733   0.554074
      0.04    0.96641   0.468388   0.630966
      0.05   0.949018   0.500389   0.655272
      0.06    0.91513   0.571926   0.703924
      0.07   0.896021   0.607009   0.723728
      0.08    0.87012   0.645659    0.74127
      0.09   0.843547   0.667668   0.745373
       0.1   0.812869   0.709789   0.757839
      0.11   0.775248   0.751182   0.763026
      0.12   0.745615   0.769983   0.757603
      0.13   0.685825    0.80209   0.739415
      0.14   0.652161   0.812201   0.723436
      0.15   0.611928   0.817956   0.700099
      0.16   0.561917   0.820245    0.66694
      0.17   0.510114   0.832905   0.632719
      0.18   0.478465   0.842841   0.610411
      0.19   0.426737   0.857143   0.569796
       0.2   0.397253   0.863922   0.544247
      0.21   0.369336   0.880126   0.520324
      0.22   0.332089   0.899099   0.485029
      0.23   0.315369   0.909621   0.468357
      0.24   0.291707   0.914474   0.442319
      0.25   0.274539   0.915357   0.422392
      0.26    0.24707   0.914169   0.389005
      0.27   0.239979   0.914493    0.38019
      0.28   0.220646   0.912338   0.355352
      0.29   0.217437   0.911304   0.351101
       0.3   0.201762   0.910891   0.330351
      0.31   0.191088   0.904977   0.315547
      0.32   0.185191   0.910941   0.307806
      0.33   0.170411   0.906433   0.286887
      0.34   0.154288   0.900662   0.263447
      0.35   0.144659   0.916335   0.249872
      0.36   0.133612   0.909091   0.232982
      0.37   0.106292   0.894118   0.189998
      0.38  0.0931552   0.885135   0.168569
      0.39  0.0786743   0.869565   0.144294
       0.4  0.0632231   0.864583    0.11783
      0.41  0.0508323   0.826087  0.0957714
      0.42  0.0389639       0.84  0.0744734
      0.43  0.0276928   0.837209  0.0536122
      0.44  0.0263492    0.83871  0.0510932
      0.45  0.0222438   0.916667  0.0434336
      0.46  0.0155259          1   0.030577
      0.47  0.0118683          1  0.0234582
      0.48 0.00671792          1  0.0133462
      0.49 0.00477719          1 0.00950895
       0.5          0          0          0
      0.51          0          0          0
      0.52          0          0          0
      0.53          0          0          0
      0.54          0          0          0
      0.55          0          0          0
      0.56          0          0          0
      0.57          0          0          0
      0.58          0          0          0
      0.59          0          0          0
       0.6          0          0          0
      0.61          0          0          0
      0.62          0          0          0
      0.63          0          0          0
      0.64          0          0          0
      0.65          0          0          0
      0.66          0          0          0
      0.67          0          0          0
      0.68          0          0          0
      0.69          0          0          0
       0.7          0          0          0
      0.71          0          0          0
      0.72          0          0          0
      0.73          0          0          0
      0.74          0          0          0
      0.75          0          0          0
      0.76          0          0          0
      0.77          0          0          0
      0.78          0          0          0
      0.79          0          0          0
       0.8          0          0          0
      0.81          0          0          0
      0.82          0          0          0
      0.83          0          0          0
      0.84          0          0          0
      0.85          0          0          0
      0.86          0          0          0
      0.87          0          0          0
      0.88          0          0          0
      0.89          0          0          0
       0.9          0          0          0
      0.91          0          0          0
      0.92          0          0          0
      0.93          0          0          0
      0.94          0          0          0
      0.95          0          0          0
      0.96          0          0          0
      0.97          0          0          0
      0.98          0          0          0
      0.99          0          0          0
