         0          1   0.406617   0.578148
      0.01   0.999485   0.421191   0.592639
      0.02   0.999485   0.481024   0.649474
      0.03   0.998969   0.500925   0.667259
      0.04   0.993816   0.517464   0.680568
      0.05   0.986087   0.527173   0.687044
      0.06   0.964484    0.54425   0.695842
      0.07   0.932932   0.557237   0.697725
      0.08   0.887982   0.573714   0.697064
      0.09   0.859204     0.5846   0.695788
       0.1   0.818297    0.59627   0.689859
      0.11   0.771326   0.605006   0.678117
      0.12   0.740962   0.609092   0.668587
      0.13   0.684993   0.608727   0.644612
      0.14   0.648288   0.608933   0.627995
      0.15   0.589702   0.609168   0.599277
      0.16   0.548161   0.609683   0.577287
      0.17   0.493222     0.6065   0.544027
      0.18   0.465752    0.60635   0.526832
      0.19   0.418226   0.596918   0.491844
       0.2   0.386634   0.588757   0.466753
      0.21    0.35853   0.583172   0.444057
      0.22   0.302759   0.570755   0.395646
      0.23   0.271405   0.553372    0.36419
      0.24   0.231727   0.533806   0.323166
      0.25   0.205526   0.513474   0.293552
      0.26   0.160694   0.490706   0.242105
      0.27   0.136119    0.49067   0.213116
      0.28   0.111345   0.490223   0.181471
      0.29  0.0856192   0.477537   0.145204
       0.3   0.065245   0.497854    0.11537
      0.31  0.0547011   0.526761  0.0991102
      0.32  0.0489932    0.55137  0.0899901
      0.33  0.0355954   0.609375  0.0672618
      0.34   0.026201    0.62585  0.0502964
      0.35  0.0166085   0.652174  0.0323921
      0.36  0.0155383   0.637255  0.0303369
      0.37  0.0133185   0.604651   0.026063
      0.38    0.01316   0.552632  0.0257078
      0.39  0.0101871   0.410714  0.0198811
       0.4 0.00816553   0.347826  0.0159565
      0.41 0.00626288   0.264706  0.0122363
      0.42  0.0043206   0.428571 0.00855495
      0.43 0.00352783        0.8 0.00702468
      0.44          0          0          0
      0.45          0          0          0
      0.46          0          0          0
      0.47          0          0          0
      0.48          0          0          0
      0.49          0          0          0
       0.5          0          0          0
      0.51          0          0          0
      0.52          0          0          0
      0.53          0          0          0
      0.54          0          0          0
      0.55          0          0          0
      0.56          0          0          0
      0.57          0          0          0
      0.58          0          0          0
      0.59          0          0          0
       0.6          0          0          0
      0.61          0          0          0
      0.62          0          0          0
      0.63          0          0          0
      0.64          0          0          0
      0.65          0          0          0
      0.66          0          0          0
      0.67          0          0          0
      0.68          0          0          0
      0.69          0          0          0
       0.7          0          0          0
      0.71          0          0          0
      0.72          0          0          0
      0.73          0          0          0
      0.74          0          0          0
      0.75          0          0          0
      0.76          0          0          0
      0.77          0          0          0
      0.78          0          0          0
      0.79          0          0          0
       0.8          0          0          0
      0.81          0          0          0
      0.82          0          0          0
      0.83          0          0          0
      0.84          0          0          0
      0.85          0          0          0
      0.86          0          0          0
      0.87          0          0          0
      0.88          0          0          0
      0.89          0          0          0
       0.9          0          0          0
      0.91          0          0          0
      0.92          0          0          0
      0.93          0          0          0
      0.94          0          0          0
      0.95          0          0          0
      0.96          0          0          0
      0.97          0          0          0
      0.98          0          0          0
      0.99          0          0          0
