         0          1   0.374026   0.544424
      0.01   0.977596   0.363594   0.530049
      0.02   0.960198   0.367852   0.531924
      0.03   0.945183   0.364769   0.526391
      0.04   0.922004   0.360855   0.518701
      0.05   0.903116   0.357543   0.512276
      0.06   0.877436   0.358942    0.50947
      0.07   0.860752   0.357736   0.505416
      0.08   0.838229   0.359084   0.502784
      0.09   0.828398   0.360166   0.502053
       0.1   0.815408   0.359913   0.499397
      0.11   0.799738   0.361027   0.497477
      0.12   0.792469   0.361226    0.49625
      0.13    0.77507   0.359861   0.491514
      0.14   0.753798   0.355646   0.483279
      0.15   0.730322   0.352104   0.475135
      0.16   0.715426   0.349255   0.469373
      0.17   0.692546    0.34433   0.459967
      0.18   0.670917   0.343999   0.454805
      0.19   0.645177   0.341135   0.446294
       0.2   0.630876   0.338934   0.440964
      0.21   0.598105   0.334833   0.429322
      0.22   0.564679   0.332015   0.418163
      0.23   0.550736   0.330889   0.413401
      0.24   0.513734   0.329528   0.401512
      0.25   0.490913   0.327055   0.392572
      0.26   0.449026   0.319893   0.373616
      0.27   0.412799   0.316571   0.358337
      0.28   0.363701   0.315309   0.337781
      0.29   0.336114   0.313947   0.324653
       0.3   0.300185   0.314797   0.307317
      0.31   0.248227   0.315579    0.27788
      0.32   0.223262   0.326198   0.265088
      0.33    0.19049   0.338036   0.243669
      0.34   0.175714   0.346897   0.233269
      0.35   0.152714   0.372958   0.216698
      0.36    0.13037   0.381579   0.194341
      0.37   0.115236    0.42031    0.18088
      0.38   0.102187    0.43686   0.165631
      0.39  0.0822856   0.467442   0.139938
       0.4  0.0731097   0.501449   0.127614
      0.41   0.062325   0.546559   0.111891
      0.42  0.0509444    0.59322  0.0938308
      0.43  0.0455818   0.627907  0.0849937
      0.44  0.0361676    0.78481  0.0691484
      0.45  0.0337246   0.828125  0.0648099
      0.46  0.0213907   0.789474  0.0416528
      0.47   0.016624          1  0.0327043
      0.48  0.0119764          1  0.0236693
      0.49 0.00506465          1  0.0100783
       0.5 0.00321754          1 0.00641444
      0.51 0.00125127          1  0.0024994
      0.52 0.00125127          1  0.0024994
      0.53 0.00125127          1  0.0024994
      0.54          0          0          0
      0.55          0          0          0
      0.56          0          0          0
      0.57          0          0          0
      0.58          0          0          0
      0.59          0          0          0
       0.6          0          0          0
      0.61          0          0          0
      0.62          0          0          0
      0.63          0          0          0
      0.64          0          0          0
      0.65          0          0          0
      0.66          0          0          0
      0.67          0          0          0
      0.68          0          0          0
      0.69          0          0          0
       0.7          0          0          0
      0.71          0          0          0
      0.72          0          0          0
      0.73          0          0          0
      0.74          0          0          0
      0.75          0          0          0
      0.76          0          0          0
      0.77          0          0          0
      0.78          0          0          0
      0.79          0          0          0
       0.8          0          0          0
      0.81          0          0          0
      0.82          0          0          0
      0.83          0          0          0
      0.84          0          0          0
      0.85          0          0          0
      0.86          0          0          0
      0.87          0          0          0
      0.88          0          0          0
      0.89          0          0          0
       0.9          0          0          0
      0.91          0          0          0
      0.92          0          0          0
      0.93          0          0          0
      0.94          0          0          0
      0.95          0          0          0
      0.96          0          0          0
      0.97          0          0          0
      0.98          0          0          0
      0.99          0          0          0
