         0          1   0.176767   0.300428
      0.01   0.999643   0.188678   0.317441
      0.02   0.999643   0.210459   0.347713
      0.03   0.999465   0.232917   0.377792
      0.04   0.996609    0.25705   0.408688
      0.05    0.99469   0.265412   0.419018
      0.06   0.990228    0.27574   0.431362
      0.07   0.989469   0.280196   0.436722
      0.08   0.985498   0.287989   0.445725
      0.09   0.984115   0.293528   0.452185
       0.1   0.975637   0.300449   0.459419
      0.11   0.941279   0.309086   0.465362
      0.12   0.926732   0.316115   0.471424
      0.13   0.905091   0.332835   0.486694
      0.14    0.89175   0.346889   0.499481
      0.15   0.887377   0.366615   0.518864
      0.16   0.885012   0.375464   0.527245
      0.17   0.873857   0.389487   0.538817
      0.18   0.863861   0.396596   0.543619
      0.19   0.849404   0.405132   0.548603
       0.2    0.82986   0.412288   0.550887
      0.21   0.794297   0.425757   0.554365
      0.22   0.785239   0.444366   0.567554
      0.23   0.783633   0.458973    0.57889
      0.24   0.778234   0.479695   0.593539
      0.25    0.77337   0.491811   0.601261
      0.26   0.763107   0.515419   0.615271
      0.27   0.760519   0.532234    0.62622
      0.28   0.754763   0.554853    0.63955
      0.29   0.753648    0.56894   0.648396
       0.3   0.751952    0.59415   0.663802
      0.31   0.750033   0.615082   0.675887
      0.32   0.747445   0.629542   0.683446
      0.33   0.732319   0.647125   0.687091
      0.34   0.729552   0.659023   0.692497
      0.35   0.727589   0.680502   0.703258
      0.36   0.723172   0.687822   0.705054
      0.37   0.718486   0.702623   0.710466
      0.38   0.715006   0.710464   0.712728
      0.39   0.698541   0.720607   0.709403
       0.4   0.695774   0.722736   0.708999
      0.41   0.683994   0.730949   0.706692
      0.42   0.674803   0.732225   0.702342
      0.43   0.661461   0.730625   0.694325
      0.44   0.632859   0.727273   0.676789
      0.45   0.593771   0.716529     0.6494
      0.46   0.511311   0.692708   0.588345
      0.47   0.447637   0.671338   0.537127
      0.48   0.325197   0.650558   0.433633
      0.49   0.275222   0.704082   0.395748
       0.5   0.209094   0.720307   0.324105
      0.51   0.160725   0.674286   0.259576
      0.52   0.111329      0.625   0.188994
      0.53  0.0623801   0.491525    0.11071
      0.54  0.0109321    0.16129  0.0204764
      0.55 0.00437285  0.0588235 0.00814055
      0.56          0          0          0
      0.57          0          0          0
      0.58          0          0          0
      0.59          0          0          0
       0.6          0          0          0
      0.61          0          0          0
      0.62          0          0          0
      0.63          0          0          0
      0.64          0          0          0
      0.65          0          0          0
      0.66          0          0          0
      0.67          0          0          0
      0.68          0          0          0
      0.69          0          0          0
       0.7          0          0          0
      0.71          0          0          0
      0.72          0          0          0
      0.73          0          0          0
      0.74          0          0          0
      0.75          0          0          0
      0.76          0          0          0
      0.77          0          0          0
      0.78          0          0          0
      0.79          0          0          0
       0.8          0          0          0
      0.81          0          0          0
      0.82          0          0          0
      0.83          0          0          0
      0.84          0          0          0
      0.85          0          0          0
      0.86          0          0          0
      0.87          0          0          0
      0.88          0          0          0
      0.89          0          0          0
       0.9          0          0          0
      0.91          0          0          0
      0.92          0          0          0
      0.93          0          0          0
      0.94          0          0          0
      0.95          0          0          0
      0.96          0          0          0
      0.97          0          0          0
      0.98          0          0          0
      0.99          0          0          0
