         0          1   0.361785    0.53134
      0.01   0.999501   0.368803   0.538796
      0.02   0.999407   0.372423   0.542636
      0.03   0.999407   0.373627   0.543913
      0.04   0.999251   0.374615   0.544936
      0.05   0.999002   0.374667   0.544954
      0.06   0.998409   0.376764    0.54708
      0.07   0.997941   0.379713   0.550111
      0.08   0.995072   0.383518   0.553649
      0.09   0.992888   0.387257   0.557192
       0.1   0.985995   0.396431   0.565497
      0.11   0.976326   0.411606    0.57908
      0.12   0.964941   0.423083   0.588247
      0.13   0.943949   0.443045   0.603048
      0.14   0.928415   0.456672   0.612209
      0.15   0.898222   0.478298   0.624208
      0.16   0.867717   0.493394   0.629084
      0.17   0.809046   0.522087   0.634636
      0.18   0.773799    0.53435    0.63216
      0.19   0.724017   0.561095   0.632229
       0.2     0.6869   0.577472    0.62745
      0.21   0.626575    0.59694   0.611399
      0.22   0.584841    0.61257   0.598385
      0.23   0.560137   0.627436    0.59188
      0.24   0.504523   0.646375   0.566707
      0.25   0.475795   0.661939    0.55364
      0.26   0.432252   0.686005   0.530338
      0.27   0.408391   0.699565   0.515717
      0.28   0.363755   0.716953   0.482638
      0.29   0.347411   0.732371   0.471269
       0.3    0.31179   0.745361   0.439665
      0.31   0.288459   0.776573   0.420663
      0.32   0.275172   0.801114   0.409638
      0.33   0.261354   0.836898   0.398317
      0.34   0.249501   0.867188    0.38751
      0.35   0.226794   0.915636   0.363542
      0.36    0.21519   0.942543   0.350385
      0.37   0.196257   0.955163   0.325611
      0.38   0.192202   0.965714   0.320597
      0.39   0.182533   0.978395   0.307666
       0.4    0.16912   0.983526   0.288613
      0.41   0.159732   0.989228   0.275051
      0.42   0.147973   0.990119   0.257467
      0.43   0.144479   0.989474   0.252141
      0.44   0.132283   0.992736   0.233458
      0.45   0.125515    0.99734   0.222969
      0.46   0.117717          1   0.210638
      0.47   0.107985          1   0.194921
      0.48  0.0960699          1   0.175299
      0.49  0.0879913          1    0.16175
       0.5  0.0694011          1   0.129794
      0.51  0.0529008          1   0.100486
      0.52  0.0302246          1  0.0586757
      0.53  0.0178415          1  0.0350576
      0.54  0.0100749          1  0.0199487
      0.55 0.00464754          1 0.00925207
      0.56  0.0033063          1 0.00659081
      0.57          0          0          0
      0.58          0          0          0
      0.59          0          0          0
       0.6          0          0          0
      0.61          0          0          0
      0.62          0          0          0
      0.63          0          0          0
      0.64          0          0          0
      0.65          0          0          0
      0.66          0          0          0
      0.67          0          0          0
      0.68          0          0          0
      0.69          0          0          0
       0.7          0          0          0
      0.71          0          0          0
      0.72          0          0          0
      0.73          0          0          0
      0.74          0          0          0
      0.75          0          0          0
      0.76          0          0          0
      0.77          0          0          0
      0.78          0          0          0
      0.79          0          0          0
       0.8          0          0          0
      0.81          0          0          0
      0.82          0          0          0
      0.83          0          0          0
      0.84          0          0          0
      0.85          0          0          0
      0.86          0          0          0
      0.87          0          0          0
      0.88          0          0          0
      0.89          0          0          0
       0.9          0          0          0
      0.91          0          0          0
      0.92          0          0          0
      0.93          0          0          0
      0.94          0          0          0
      0.95          0          0          0
      0.96          0          0          0
      0.97          0          0          0
      0.98          0          0          0
      0.99          0          0          0
