         0          1   0.298178   0.459379
      0.01   0.997772   0.272889   0.428566
      0.02   0.994378   0.271935   0.427077
      0.03   0.991143    0.27152   0.426266
      0.04   0.988279   0.273823    0.42883
      0.05   0.986741    0.27851   0.434407
      0.06    0.98096   0.286533   0.443517
      0.07   0.976558   0.292725   0.450432
      0.08   0.967913    0.30537   0.464267
      0.09   0.958366   0.315926   0.475202
       0.1   0.943357   0.332864   0.492093
      0.11   0.920233   0.351984   0.509202
      0.12   0.906762   0.366268   0.521776
      0.13   0.875046   0.390835   0.540333
      0.14   0.840944   0.406314   0.547902
      0.15   0.783824    0.43628   0.560553
      0.16   0.741872   0.452481   0.562117
      0.17    0.67266   0.481708   0.561391
      0.18   0.636542   0.501741    0.56116
      0.19   0.574277    0.53192   0.552288
       0.2   0.533227   0.551779   0.542345
      0.21   0.466773    0.57998   0.517255
      0.22   0.409865   0.617528   0.492709
      0.23   0.375391   0.643797   0.474251
      0.24   0.323999   0.679122     0.4387
      0.25   0.290957   0.698061   0.410722
      0.26   0.247521   0.727437   0.369361
      0.27   0.222647   0.758621   0.344257
      0.28   0.197295   0.802381   0.316714
      0.29   0.190878   0.834625   0.310699
       0.3   0.175922   0.882789   0.293379
      0.31   0.158048   0.916808   0.269617
      0.32   0.148926   0.936131   0.256971
      0.33   0.141077   0.961145    0.24604
      0.34   0.135455   0.973451   0.237818
      0.35   0.125325   0.982323    0.22229
      0.36   0.121718   0.986486   0.216699
      0.37   0.120021     0.9941   0.214183
      0.38    0.11546   0.996764   0.206948
      0.39    0.10183          1   0.184838
       0.4  0.0993901          1   0.180809
      0.41  0.0894193          1   0.164159
      0.42  0.0787589          1   0.146018
      0.43  0.0701671          1   0.131133
      0.44  0.0504375          1  0.0960315
      0.45  0.0352692          1  0.0681352
      0.46  0.0146911          1  0.0289567
      0.47 0.00917529          1  0.0181837
      0.48  0.0023336          1 0.00465633
      0.49  0.0023336          1 0.00465633
       0.5          0          0          0
      0.51          0          0          0
      0.52          0          0          0
      0.53          0          0          0
      0.54          0          0          0
      0.55          0          0          0
      0.56          0          0          0
      0.57          0          0          0
      0.58          0          0          0
      0.59          0          0          0
       0.6          0          0          0
      0.61          0          0          0
      0.62          0          0          0
      0.63          0          0          0
      0.64          0          0          0
      0.65          0          0          0
      0.66          0          0          0
      0.67          0          0          0
      0.68          0          0          0
      0.69          0          0          0
       0.7          0          0          0
      0.71          0          0          0
      0.72          0          0          0
      0.73          0          0          0
      0.74          0          0          0
      0.75          0          0          0
      0.76          0          0          0
      0.77          0          0          0
      0.78          0          0          0
      0.79          0          0          0
       0.8          0          0          0
      0.81          0          0          0
      0.82          0          0          0
      0.83          0          0          0
      0.84          0          0          0
      0.85          0          0          0
      0.86          0          0          0
      0.87          0          0          0
      0.88          0          0          0
      0.89          0          0          0
       0.9          0          0          0
      0.91          0          0          0
      0.92          0          0          0
      0.93          0          0          0
      0.94          0          0          0
      0.95          0          0          0
      0.96          0          0          0
      0.97          0          0          0
      0.98          0          0          0
      0.99          0          0          0
