         0          1    0.48887   0.656699
      0.01   0.994768   0.510332   0.674589
      0.02   0.992201    0.52566    0.68723
      0.03   0.991272   0.529723   0.690469
      0.04   0.987531   0.540791   0.698868
      0.05   0.983179   0.546007   0.702102
      0.06   0.976627   0.560129   0.711938
      0.07   0.968363   0.570811   0.718246
      0.08   0.950002   0.597316   0.733464
      0.09   0.937876   0.620768   0.747064
       0.1   0.913476   0.664845   0.769577
      0.11   0.883209   0.709631   0.786962
      0.12   0.867097   0.741214   0.799229
      0.13   0.825167   0.784723   0.804437
      0.14   0.797761    0.81023   0.803947
      0.15   0.766173   0.851808   0.806724
      0.16   0.742653   0.873793   0.802904
      0.17   0.696934   0.902818   0.786628
      0.18    0.65811   0.918524    0.76681
      0.19    0.60354   0.936911   0.734153
       0.2   0.575082   0.947036   0.715612
      0.21   0.509584   0.956795   0.664995
      0.22   0.446066   0.961356   0.609381
      0.23   0.413158   0.965544   0.578693
      0.24   0.375385   0.964871   0.540491
      0.25   0.339666   0.962101   0.502075
      0.26   0.279302   0.960192    0.43273
      0.27   0.241357   0.956946   0.385488
      0.28   0.193805   0.948905    0.32187
      0.29   0.161924   0.948492   0.276623
       0.3   0.140702   0.944535    0.24492
      0.31   0.101731   0.943052   0.183651
      0.32  0.0910958   0.972067   0.166581
      0.33   0.067674   0.976378   0.126575
      0.34  0.0554496   0.975369   0.104934
      0.35   0.042883    0.97546  0.0821543
      0.36   0.035744   0.971831  0.0689519
      0.37  0.0286294   0.991071  0.0556512
      0.38  0.0246198   0.989474  0.0480442
      0.39  0.0241797          1  0.0472178
       0.4  0.0224439          1  0.0439024
      0.41  0.0219305          1  0.0429197
      0.42  0.0189233          1  0.0371437
      0.43  0.0179453          1  0.0352579
      0.44  0.0171385          1  0.0336995
      0.45  0.0151582          1  0.0298637
      0.46  0.0131045          1    0.02587
      0.47 0.00941274          1  0.0186499
      0.48 0.00212704          1 0.00424504
      0.49 0.00193145          1 0.00385545
       0.5          0          0          0
      0.51          0          0          0
      0.52          0          0          0
      0.53          0          0          0
      0.54          0          0          0
      0.55          0          0          0
      0.56          0          0          0
      0.57          0          0          0
      0.58          0          0          0
      0.59          0          0          0
       0.6          0          0          0
      0.61          0          0          0
      0.62          0          0          0
      0.63          0          0          0
      0.64          0          0          0
      0.65          0          0          0
      0.66          0          0          0
      0.67          0          0          0
      0.68          0          0          0
      0.69          0          0          0
       0.7          0          0          0
      0.71          0          0          0
      0.72          0          0          0
      0.73          0          0          0
      0.74          0          0          0
      0.75          0          0          0
      0.76          0          0          0
      0.77          0          0          0
      0.78          0          0          0
      0.79          0          0          0
       0.8          0          0          0
      0.81          0          0          0
      0.82          0          0          0
      0.83          0          0          0
      0.84          0          0          0
      0.85          0          0          0
      0.86          0          0          0
      0.87          0          0          0
      0.88          0          0          0
      0.89          0          0          0
       0.9          0          0          0
      0.91          0          0          0
      0.92          0          0          0
      0.93          0          0          0
      0.94          0          0          0
      0.95          0          0          0
      0.96          0          0          0
      0.97          0          0          0
      0.98          0          0          0
      0.99          0          0          0
