         0          1   0.242084   0.389803
      0.01   0.999821   0.229207   0.372923
      0.02   0.999402   0.228515   0.371977
      0.03   0.999163    0.22819    0.37153
      0.04   0.998805   0.228247   0.371581
      0.05   0.998625   0.229635   0.373405
      0.06   0.998446   0.236223   0.382055
      0.07   0.998087   0.244034   0.392179
      0.08   0.994979   0.260244   0.412576
      0.09   0.993963   0.274309    0.42996
       0.1   0.987927   0.299275   0.459387
      0.11   0.975315   0.332496   0.495926
      0.12   0.956906   0.356478   0.519446
      0.13   0.920148   0.388696   0.546525
      0.14   0.890144    0.41044   0.561826
      0.15   0.832407   0.437834   0.573838
      0.16   0.790987   0.453507   0.576489
      0.17   0.716215   0.460566   0.560622
      0.18    0.65274   0.463512   0.542087
      0.19   0.564581   0.471676   0.513963
       0.2   0.517423   0.475696   0.495683
      0.21   0.433447    0.48067   0.455838
      0.22   0.372243   0.494772   0.424849
      0.23   0.340685   0.509052   0.408188
      0.24   0.305421   0.558077   0.394786
      0.25   0.288745   0.592819   0.388341
      0.26   0.252346    0.64347   0.362523
      0.27   0.229454   0.701136   0.345756
      0.28   0.200287   0.767103    0.31764
      0.29   0.185823    0.79896   0.301518
       0.3   0.162094   0.837363   0.271611
      0.31   0.138545   0.855114   0.238456
      0.32   0.115116   0.876289   0.203498
      0.33  0.0971251    0.90583   0.175439
      0.34  0.0803897   0.907104   0.147691
      0.35  0.0591118   0.908397   0.111001
      0.36  0.0415397   0.912088  0.0794604
      0.37   0.024087   0.932203  0.0469606
      0.38  0.0221744   0.979167  0.0433667
      0.39  0.0182894   0.970588  0.0359023
       0.4  0.0121332   0.956522  0.0239624
      0.41 0.00729185          1  0.0144781
      0.42 0.00298846          1 0.00595912
      0.43 0.00274939          1  0.0054837
      0.44 0.00161377          1 0.00322234
      0.45 0.00137469          1 0.00274561
      0.46          0          0          0
      0.47          0          0          0
      0.48          0          0          0
      0.49          0          0          0
       0.5          0          0          0
      0.51          0          0          0
      0.52          0          0          0
      0.53          0          0          0
      0.54          0          0          0
      0.55          0          0          0
      0.56          0          0          0
      0.57          0          0          0
      0.58          0          0          0
      0.59          0          0          0
       0.6          0          0          0
      0.61          0          0          0
      0.62          0          0          0
      0.63          0          0          0
      0.64          0          0          0
      0.65          0          0          0
      0.66          0          0          0
      0.67          0          0          0
      0.68          0          0          0
      0.69          0          0          0
       0.7          0          0          0
      0.71          0          0          0
      0.72          0          0          0
      0.73          0          0          0
      0.74          0          0          0
      0.75          0          0          0
      0.76          0          0          0
      0.77          0          0          0
      0.78          0          0          0
      0.79          0          0          0
       0.8          0          0          0
      0.81          0          0          0
      0.82          0          0          0
      0.83          0          0          0
      0.84          0          0          0
      0.85          0          0          0
      0.86          0          0          0
      0.87          0          0          0
      0.88          0          0          0
      0.89          0          0          0
       0.9          0          0          0
      0.91          0          0          0
      0.92          0          0          0
      0.93          0          0          0
      0.94          0          0          0
      0.95          0          0          0
      0.96          0          0          0
      0.97          0          0          0
      0.98          0          0          0
      0.99          0          0          0
