         0          1   0.319512   0.484288
      0.01   0.997098   0.303305   0.465125
      0.02   0.997098   0.303276    0.46509
      0.03   0.996886   0.302811   0.464521
      0.04   0.995187    0.30246   0.463923
      0.05   0.992639   0.302578   0.463785
      0.06   0.984995   0.302026   0.462299
      0.07   0.977989   0.302547    0.46213
      0.08   0.965107   0.302346   0.460446
      0.09   0.953146   0.302527    0.45928
       0.1   0.931488   0.299615   0.453395
      0.11   0.903461   0.296155   0.446083
      0.12   0.877557   0.294527   0.441034
      0.13   0.836506   0.289021   0.429608
      0.14   0.803595   0.286019   0.421881
      0.15   0.758299   0.281677    0.41077
      0.16   0.720716   0.278071   0.401307
      0.17   0.650506   0.269357   0.380966
      0.18   0.602449   0.262618   0.365784
      0.19   0.521622    0.25378   0.341442
       0.2   0.482837   0.249168   0.328706
      0.21   0.415882   0.238143   0.302862
      0.22   0.354731   0.225976    0.27608
      0.23    0.30809   0.215411   0.253547
      0.24   0.254724   0.202664   0.225731
      0.25   0.218274   0.201147   0.209361
      0.26   0.169156   0.210499   0.187576
      0.27   0.145446    0.21109   0.172225
      0.28   0.123717    0.20793   0.155132
      0.29   0.105103   0.201313   0.138104
       0.3  0.0788449   0.199681   0.113051
      0.31  0.0598061   0.183807  0.0902479
      0.32  0.0469955    0.16156  0.0728113
      0.33  0.0204544   0.146667  0.0359018
      0.34  0.0160662   0.174194  0.0294191
      0.35  0.0102626   0.149425  0.0192061
      0.36 0.00877628   0.136364  0.0164912
      0.37 0.00375115   0.151515 0.00732105
      0.38 0.000849317   0.176471  0.0016905
      0.39          0          0          0
       0.4          0          0          0
      0.41          0          0          0
      0.42          0          0          0
      0.43          0          0          0
      0.44          0          0          0
      0.45          0          0          0
      0.46          0          0          0
      0.47          0          0          0
      0.48          0          0          0
      0.49          0          0          0
       0.5          0          0          0
      0.51          0          0          0
      0.52          0          0          0
      0.53          0          0          0
      0.54          0          0          0
      0.55          0          0          0
      0.56          0          0          0
      0.57          0          0          0
      0.58          0          0          0
      0.59          0          0          0
       0.6          0          0          0
      0.61          0          0          0
      0.62          0          0          0
      0.63          0          0          0
      0.64          0          0          0
      0.65          0          0          0
      0.66          0          0          0
      0.67          0          0          0
      0.68          0          0          0
      0.69          0          0          0
       0.7          0          0          0
      0.71          0          0          0
      0.72          0          0          0
      0.73          0          0          0
      0.74          0          0          0
      0.75          0          0          0
      0.76          0          0          0
      0.77          0          0          0
      0.78          0          0          0
      0.79          0          0          0
       0.8          0          0          0
      0.81          0          0          0
      0.82          0          0          0
      0.83          0          0          0
      0.84          0          0          0
      0.85          0          0          0
      0.86          0          0          0
      0.87          0          0          0
      0.88          0          0          0
      0.89          0          0          0
       0.9          0          0          0
      0.91          0          0          0
      0.92          0          0          0
      0.93          0          0          0
      0.94          0          0          0
      0.95          0          0          0
      0.96          0          0          0
      0.97          0          0          0
      0.98          0          0          0
      0.99          0          0          0
