         0          1   0.384732   0.555677
      0.01   0.999141   0.371348   0.541455
      0.02   0.999141   0.374403   0.544695
      0.03   0.999141   0.374621   0.544926
      0.04   0.997651   0.377898    0.54816
      0.05    0.99662   0.384072   0.554467
      0.06    0.97783   0.393051   0.560716
      0.07   0.922835   0.398966   0.557088
      0.08   0.888692   0.417004   0.567648
      0.09   0.869386   0.432394   0.577543
       0.1    0.84544   0.458461   0.594526
      0.11   0.810094   0.479357    0.60231
      0.12   0.779102    0.49408   0.604687
      0.13   0.737225   0.519118   0.609239
      0.14   0.700046   0.532436   0.604844
      0.15   0.642071   0.545909   0.590098
      0.16   0.603689   0.553425   0.577465
      0.17   0.528758   0.558324   0.543139
      0.18   0.487855    0.55984   0.521375
      0.19   0.413726   0.554581   0.473909
       0.2    0.38176   0.554616   0.452233
      0.21    0.32602   0.550301    0.40946
      0.22   0.295429   0.538928   0.381647
      0.23   0.271998   0.525988   0.358572
      0.24   0.241522   0.506841   0.327149
      0.25   0.220956    0.49512   0.305553
      0.26   0.192942   0.470105   0.273595
      0.27   0.176444     0.4583   0.254793
      0.28    0.14929   0.448341   0.223993
      0.29   0.130328   0.436029   0.200674
       0.3   0.111652   0.420441   0.176447
      0.31   0.105408   0.397117   0.166596
      0.32   0.100653   0.375907   0.158789
      0.33  0.0858158   0.341463   0.137161
      0.34  0.0781393   0.328744   0.126266
      0.35  0.0659945   0.292157   0.107668
      0.36  0.0586618       0.28  0.0970012
      0.37  0.0500687   0.261614  0.0840514
      0.38   0.047319    0.27907  0.0809176
      0.39  0.0436526   0.333333  0.0771958
       0.4  0.0406164   0.704082  0.0768023
      0.41  0.0323671          1  0.0627046
      0.42    0.02555          1  0.0498268
      0.43   0.021769          1  0.0426105
      0.44  0.0161549          1  0.0317961
      0.45 0.00945234          1  0.0187277
      0.46 0.00527039          1  0.0104855
      0.47          0          0          0
      0.48          0          0          0
      0.49          0          0          0
       0.5          0          0          0
      0.51          0          0          0
      0.52          0          0          0
      0.53          0          0          0
      0.54          0          0          0
      0.55          0          0          0
      0.56          0          0          0
      0.57          0          0          0
      0.58          0          0          0
      0.59          0          0          0
       0.6          0          0          0
      0.61          0          0          0
      0.62          0          0          0
      0.63          0          0          0
      0.64          0          0          0
      0.65          0          0          0
      0.66          0          0          0
      0.67          0          0          0
      0.68          0          0          0
      0.69          0          0          0
       0.7          0          0          0
      0.71          0          0          0
      0.72          0          0          0
      0.73          0          0          0
      0.74          0          0          0
      0.75          0          0          0
      0.76          0          0          0
      0.77          0          0          0
      0.78          0          0          0
      0.79          0          0          0
       0.8          0          0          0
      0.81          0          0          0
      0.82          0          0          0
      0.83          0          0          0
      0.84          0          0          0
      0.85          0          0          0
      0.86          0          0          0
      0.87          0          0          0
      0.88          0          0          0
      0.89          0          0          0
       0.9          0          0          0
      0.91          0          0          0
      0.92          0          0          0
      0.93          0          0          0
      0.94          0          0          0
      0.95          0          0          0
      0.96          0          0          0
      0.97          0          0          0
      0.98          0          0          0
      0.99          0          0          0
