         0          1   0.289124   0.448559
      0.01    0.99743   0.279611   0.436779
      0.02      0.992   0.288344   0.446813
      0.03   0.990981   0.297078    0.45712
      0.04   0.990351   0.314516   0.477415
      0.05    0.98943   0.327019   0.491569
      0.06   0.987442    0.34918    0.51592
      0.07   0.986908    0.36365   0.531468
      0.08   0.981332   0.384949    0.55298
      0.09   0.971247   0.399582   0.566216
       0.1   0.961938   0.419365   0.584091
      0.11   0.951561   0.439678    0.60145
      0.12   0.941621   0.451811   0.610629
      0.13   0.926736     0.4743   0.627466
      0.14   0.918784   0.485675   0.635448
      0.15   0.904771   0.500692   0.644644
      0.16   0.888189   0.510386   0.648259
      0.17   0.873012   0.526619   0.656951
      0.18   0.864236   0.538133   0.663269
      0.19   0.842223   0.551262   0.666366
       0.2   0.823943   0.563351   0.669172
      0.21   0.807409    0.58263   0.676845
      0.22   0.780838   0.597629   0.677058
      0.23   0.755867    0.60632   0.672885
      0.24   0.737587   0.626683   0.677627
      0.25   0.714022   0.639173   0.674528
      0.26   0.682506   0.666531   0.674424
      0.27   0.662578   0.687931   0.675016
      0.28   0.604344   0.727367   0.660173
      0.29   0.563518   0.737571   0.638903
       0.3   0.525019   0.750238   0.617741
      0.31   0.492581   0.751504   0.595099
      0.32   0.476532   0.749811   0.582723
      0.33   0.439682   0.738963   0.551326
      0.34   0.413499   0.726969   0.527154
      0.35    0.38014   0.710425   0.495268
      0.36   0.338732   0.691595   0.454739
      0.37   0.284523   0.657817   0.397232
      0.38   0.257225   0.639318    0.36685
      0.39   0.203792   0.624106   0.307254
       0.4   0.172808    0.61138   0.269455
      0.41   0.137413   0.613497   0.224534
      0.42   0.110357   0.595661   0.186214
      0.43  0.0868891   0.570766   0.150819
      0.44  0.0675912   0.503205   0.119175
      0.45  0.0598817   0.444882   0.105555
      0.46   0.049069   0.394089  0.0872717
      0.47    0.04359      0.375  0.0781015
      0.48  0.0249224   0.337209  0.0464144
      0.49  0.0194434   0.724138  0.0378699
       0.5  0.0123642   0.692308  0.0242946
      0.51 0.00615787   0.666667   0.012203
      0.52 0.00450931        0.5 0.00893801
      0.53 0.00155159        0.5 0.00309358
      0.54 0.00155159          1 0.00309837
      0.55          0          0          0
      0.56          0          0          0
      0.57          0          0          0
      0.58          0          0          0
      0.59          0          0          0
       0.6          0          0          0
      0.61          0          0          0
      0.62          0          0          0
      0.63          0          0          0
      0.64          0          0          0
      0.65          0          0          0
      0.66          0          0          0
      0.67          0          0          0
      0.68          0          0          0
      0.69          0          0          0
       0.7          0          0          0
      0.71          0          0          0
      0.72          0          0          0
      0.73          0          0          0
      0.74          0          0          0
      0.75          0          0          0
      0.76          0          0          0
      0.77          0          0          0
      0.78          0          0          0
      0.79          0          0          0
       0.8          0          0          0
      0.81          0          0          0
      0.82          0          0          0
      0.83          0          0          0
      0.84          0          0          0
      0.85          0          0          0
      0.86          0          0          0
      0.87          0          0          0
      0.88          0          0          0
      0.89          0          0          0
       0.9          0          0          0
      0.91          0          0          0
      0.92          0          0          0
      0.93          0          0          0
      0.94          0          0          0
      0.95          0          0          0
      0.96          0          0          0
      0.97          0          0          0
      0.98          0          0          0
      0.99          0          0          0
