         0          1   0.108911   0.196429
      0.01   0.996781   0.126532   0.224558
      0.02   0.996781   0.126859   0.225073
      0.03   0.996781   0.128223   0.227217
      0.04   0.996513   0.134301   0.236701
      0.05   0.995306   0.140921   0.246886
      0.06   0.994099   0.154305   0.267144
      0.07   0.990477   0.164416   0.282018
      0.08    0.98699   0.180405   0.305051
      0.09   0.979211   0.191174   0.319895
       0.1   0.970359   0.207021    0.34124
      0.11   0.960569   0.218946   0.356608
      0.12   0.940451   0.224853   0.362933
      0.13    0.91993   0.231843    0.37035
      0.14   0.899142   0.234961   0.372565
      0.15   0.872049   0.241885   0.378722
      0.16   0.841738   0.241819   0.375704
      0.17   0.771459   0.241408   0.367741
      0.18   0.715397   0.236177   0.355118
      0.19    0.63345   0.234281   0.342054
       0.2   0.563439   0.226184   0.322789
      0.21   0.471298   0.218182   0.298279
      0.22   0.380365   0.218373   0.277455
      0.23   0.333825   0.223199   0.267527
      0.24   0.260059   0.225048    0.24129
      0.25   0.249464   0.229279   0.238946
      0.26   0.218616   0.224149   0.221348
      0.27   0.195815   0.223441   0.208718
      0.28   0.152495   0.220299   0.180231
      0.29   0.129694   0.217128    0.16239
       0.3   0.105955   0.208456   0.140497
      0.31  0.0933476   0.204624   0.128208
      0.32  0.0874464   0.207426   0.123027
      0.33  0.0666577   0.201183   0.100137
      0.34  0.0536481   0.198387  0.0844571
      0.35  0.0486856   0.190641  0.0775633
      0.36  0.0422479   0.185792  0.0688416
      0.37  0.0403702   0.170635  0.0652928
      0.38  0.0304453   0.151064  0.0506771
      0.39  0.0257511   0.128806  0.0429212
       0.4  0.0210569   0.126551   0.036106
      0.41  0.0179721   0.114206  0.0310569
      0.42   0.010059  0.0987261  0.0182578
      0.43 0.00791309  0.0848057  0.0144755
      0.44 0.00737661      0.088  0.0136122
      0.45 0.00590129  0.0852018  0.0110381
      0.46 0.00362124  0.0693642 0.00688315
      0.47 0.00281652     0.0625 0.00539014
      0.48 0.00147532  0.0416667 0.00284974
      0.49 0.000536481   0.015873 0.00103788
       0.5          0          0          0
      0.51          0          0          0
      0.52          0          0          0
      0.53          0          0          0
      0.54          0          0          0
      0.55          0          0          0
      0.56          0          0          0
      0.57          0          0          0
      0.58          0          0          0
      0.59          0          0          0
       0.6          0          0          0
      0.61          0          0          0
      0.62          0          0          0
      0.63          0          0          0
      0.64          0          0          0
      0.65          0          0          0
      0.66          0          0          0
      0.67          0          0          0
      0.68          0          0          0
      0.69          0          0          0
       0.7          0          0          0
      0.71          0          0          0
      0.72          0          0          0
      0.73          0          0          0
      0.74          0          0          0
      0.75          0          0          0
      0.76          0          0          0
      0.77          0          0          0
      0.78          0          0          0
      0.79          0          0          0
       0.8          0          0          0
      0.81          0          0          0
      0.82          0          0          0
      0.83          0          0          0
      0.84          0          0          0
      0.85          0          0          0
      0.86          0          0          0
      0.87          0          0          0
      0.88          0          0          0
      0.89          0          0          0
       0.9          0          0          0
      0.91          0          0          0
      0.92          0          0          0
      0.93          0          0          0
      0.94          0          0          0
      0.95          0          0          0
      0.96          0          0          0
      0.97          0          0          0
      0.98          0          0          0
      0.99          0          0          0
