         0          1   0.354609   0.523559
      0.01   0.998471   0.354711   0.523461
      0.02   0.998471   0.357525   0.526518
      0.03   0.998471   0.360371   0.529598
      0.04    0.99835   0.363962   0.533449
      0.05   0.997867   0.367529     0.5372
      0.06    0.99682   0.375395   0.545397
      0.07    0.99517   0.382648   0.552757
      0.08    0.99191   0.394363   0.564352
      0.09   0.989455   0.402887   0.572616
       0.1   0.984584    0.41613   0.585009
      0.11   0.978949   0.428924   0.596495
      0.12   0.971141   0.438561   0.604248
      0.13   0.950976   0.451451   0.612251
      0.14   0.943651   0.460006   0.618506
      0.15    0.92896    0.47358   0.627343
      0.16   0.918253   0.483218   0.633215
      0.17   0.895794   0.496526   0.638912
      0.18   0.876877   0.506956   0.642474
      0.19   0.849306   0.520935   0.645774
       0.2   0.833327   0.530776   0.648499
      0.21   0.802938   0.546562   0.650397
      0.22   0.761119   0.560019   0.645264
      0.23   0.738016   0.568567   0.642304
      0.24   0.692373    0.57882   0.630525
      0.25    0.66782   0.588742   0.625793
      0.26   0.626685    0.60749   0.616938
      0.27    0.60322   0.623725   0.613301
      0.28   0.564218   0.638097   0.598888
      0.29   0.547917    0.64544   0.592694
       0.3   0.502556   0.657166   0.569555
      0.31   0.465164   0.672971   0.550096
      0.32   0.440612   0.672328   0.532348
      0.33   0.405152   0.670525   0.505104
      0.34   0.387281   0.671041    0.49112
      0.35   0.342242   0.647681    0.44784
      0.36   0.308271   0.623774   0.412623
      0.37   0.251479   0.586429   0.352007
      0.38   0.212397   0.555649    0.30732
      0.39   0.160877   0.509657   0.244558
       0.4   0.137774   0.487117   0.214796
      0.41  0.0972027   0.447605    0.15972
      0.42  0.0743409   0.430357   0.126781
      0.43  0.0672972   0.412574   0.115719
      0.44  0.0508754   0.390995  0.0900356
      0.45  0.0487825   0.376694  0.0863787
      0.46  0.0398068   0.367601  0.0718348
      0.47  0.0352184   0.356364  0.0641017
      0.48   0.025639   0.340807  0.0476902
      0.49  0.0214128   0.487395  0.0410232
       0.5 0.00982089   0.589286  0.0193198
      0.51 0.00684242        0.6  0.0135305
      0.52 0.00656068   0.666667  0.0129935
      0.53 0.00571544        0.7  0.0113383
      0.54 0.00321996   0.714286 0.00641103
      0.55 0.00301872   0.772727 0.00601394
      0.56 0.00273697   0.882353 0.00545701
      0.57 0.00205273          1 0.00409704
      0.58 0.00156973          1 0.00313454
      0.59          0          0          0
       0.6          0          0          0
      0.61          0          0          0
      0.62          0          0          0
      0.63          0          0          0
      0.64          0          0          0
      0.65          0          0          0
      0.66          0          0          0
      0.67          0          0          0
      0.68          0          0          0
      0.69          0          0          0
       0.7          0          0          0
      0.71          0          0          0
      0.72          0          0          0
      0.73          0          0          0
      0.74          0          0          0
      0.75          0          0          0
      0.76          0          0          0
      0.77          0          0          0
      0.78          0          0          0
      0.79          0          0          0
       0.8          0          0          0
      0.81          0          0          0
      0.82          0          0          0
      0.83          0          0          0
      0.84          0          0          0
      0.85          0          0          0
      0.86          0          0          0
      0.87          0          0          0
      0.88          0          0          0
      0.89          0          0          0
       0.9          0          0          0
      0.91          0          0          0
      0.92          0          0          0
      0.93          0          0          0
      0.94          0          0          0
      0.95          0          0          0
      0.96          0          0          0
      0.97          0          0          0
      0.98          0          0          0
      0.99          0          0          0
