         0          1   0.308236   0.471224
      0.01   0.996278   0.321435   0.486053
      0.02   0.996278   0.376913   0.546916
      0.03   0.996278   0.386681   0.557126
      0.04   0.995171    0.39632   0.566883
      0.05   0.994416    0.40286   0.573417
      0.06   0.992857   0.411596   0.581943
      0.07   0.990744   0.418094   0.588037
      0.08   0.987425   0.425889   0.595103
      0.09   0.983451   0.431714   0.600029
       0.1   0.972736   0.436304   0.602408
      0.11    0.95664   0.441448    0.60412
      0.12   0.938229   0.443853   0.602621
      0.13   0.918913   0.445407   0.599992
      0.14   0.899145   0.446185   0.596411
      0.15   0.866097    0.44675    0.58945
      0.16   0.839487   0.446543   0.582983
      0.17   0.807998   0.447023   0.575598
      0.18   0.789235   0.446518   0.570353
      0.19   0.756187   0.447201   0.562026
       0.2   0.738531   0.445748   0.555948
      0.21   0.690493   0.444186   0.540607
      0.22   0.644014   0.439055   0.522141
      0.23   0.614839   0.438469   0.511888
      0.24   0.566147   0.433768   0.491195
      0.25   0.541247   0.437808   0.484064
      0.26   0.485915   0.434663   0.458863
      0.27   0.462676   0.438341    0.45018
      0.28   0.401811   0.443586   0.421666
      0.29   0.377666   0.448335   0.409978
       0.3   0.334205    0.45945   0.386945
      0.31    0.29004   0.480564    0.36175
      0.32    0.28008   0.493621   0.357382
      0.33   0.246479   0.523722   0.335202
      0.34   0.220775   0.543624    0.31402
      0.35    0.19331    0.59519   0.291835
      0.36   0.178873   0.636364   0.279252
      0.37       0.15   0.693662   0.246661
      0.38   0.124095   0.714607   0.211467
      0.39   0.104376   0.772152   0.183894
       0.4   0.089839   0.786822   0.161265
      0.41  0.0790241   0.860963   0.144761
      0.42  0.0603622   0.870968     0.1129
      0.43  0.0523642   0.907216  0.0990134
      0.44  0.0382294   0.949153  0.0734984
      0.45   0.026006          1  0.0506937
      0.46  0.0207243          1  0.0406071
      0.47   0.010161          1  0.0201175
      0.48 0.00171026          1 0.00341468
      0.49 0.00160966          1 0.00321414
       0.5          0          0          0
      0.51          0          0          0
      0.52          0          0          0
      0.53          0          0          0
      0.54          0          0          0
      0.55          0          0          0
      0.56          0          0          0
      0.57          0          0          0
      0.58          0          0          0
      0.59          0          0          0
       0.6          0          0          0
      0.61          0          0          0
      0.62          0          0          0
      0.63          0          0          0
      0.64          0          0          0
      0.65          0          0          0
      0.66          0          0          0
      0.67          0          0          0
      0.68          0          0          0
      0.69          0          0          0
       0.7          0          0          0
      0.71          0          0          0
      0.72          0          0          0
      0.73          0          0          0
      0.74          0          0          0
      0.75          0          0          0
      0.76          0          0          0
      0.77          0          0          0
      0.78          0          0          0
      0.79          0          0          0
       0.8          0          0          0
      0.81          0          0          0
      0.82          0          0          0
      0.83          0          0          0
      0.84          0          0          0
      0.85          0          0          0
      0.86          0          0          0
      0.87          0          0          0
      0.88          0          0          0
      0.89          0          0          0
       0.9          0          0          0
      0.91          0          0          0
      0.92          0          0          0
      0.93          0          0          0
      0.94          0          0          0
      0.95          0          0          0
      0.96          0          0          0
      0.97          0          0          0
      0.98          0          0          0
      0.99          0          0          0
