         0          1   0.363236   0.532903
      0.01          1    0.34683   0.515031
      0.02          1    0.34683   0.515031
      0.03          1   0.346853   0.515056
      0.04          1   0.347197   0.515436
      0.05          1   0.347528   0.515801
      0.06          1   0.348375   0.516733
      0.07   0.999828   0.348645   0.517007
      0.08   0.998967   0.349332   0.517647
      0.09   0.997072   0.351067   0.519292
       0.1   0.993369   0.354849   0.522907
      0.11   0.967579   0.354674   0.519077
      0.12   0.939723   0.356335    0.51673
      0.13   0.889047   0.359612   0.512088
      0.14   0.839318   0.362784   0.506598
      0.15   0.755963   0.365407   0.492672
      0.16   0.686214   0.372663   0.483014
      0.17   0.605098   0.383657    0.46958
      0.18   0.567683    0.39415   0.465262
      0.19   0.513519   0.412907    0.45775
       0.2    0.47012   0.428764   0.448491
      0.21   0.419831   0.449655   0.434232
      0.22     0.3757   0.471045   0.418004
      0.23    0.34935   0.484038    0.40581
      0.24   0.310902   0.495362   0.382031
      0.25   0.289934   0.497974   0.366488
      0.26   0.257858   0.492837   0.338571
      0.27   0.242229   0.488474   0.323859
      0.28   0.218893   0.470222   0.298726
      0.29   0.201412    0.46281   0.280676
       0.3   0.172651   0.428812   0.246183
      0.31   0.146646   0.410714   0.216125
      0.32   0.119607   0.393509   0.183454
      0.33  0.0973047   0.371528   0.154219
      0.34  0.0818049   0.358134   0.133187
      0.35  0.0723327   0.346434   0.119678
      0.36  0.0570912     0.3267  0.0971971
      0.37  0.0424094   0.322515  0.0749616
      0.38  0.0336261   0.303178  0.0605378
      0.39  0.0262637   0.316327  0.0485005
       0.4  0.0179971   0.307317  0.0340029
      0.41 0.00947214   0.363636  0.0184633
      0.42 0.00529579   0.391304  0.0104501
      0.43  0.0037458   0.481481 0.00743377
      0.44 0.000774994   0.666667 0.00154819
      0.45 0.000731938       0.75 0.00146245
      0.46 0.000344442          1 0.000688646
      0.47          0          0          0
      0.48          0          0          0
      0.49          0          0          0
       0.5          0          0          0
      0.51          0          0          0
      0.52          0          0          0
      0.53          0          0          0
      0.54          0          0          0
      0.55          0          0          0
      0.56          0          0          0
      0.57          0          0          0
      0.58          0          0          0
      0.59          0          0          0
       0.6          0          0          0
      0.61          0          0          0
      0.62          0          0          0
      0.63          0          0          0
      0.64          0          0          0
      0.65          0          0          0
      0.66          0          0          0
      0.67          0          0          0
      0.68          0          0          0
      0.69          0          0          0
       0.7          0          0          0
      0.71          0          0          0
      0.72          0          0          0
      0.73          0          0          0
      0.74          0          0          0
      0.75          0          0          0
      0.76          0          0          0
      0.77          0          0          0
      0.78          0          0          0
      0.79          0          0          0
       0.8          0          0          0
      0.81          0          0          0
      0.82          0          0          0
      0.83          0          0          0
      0.84          0          0          0
      0.85          0          0          0
      0.86          0          0          0
      0.87          0          0          0
      0.88          0          0          0
      0.89          0          0          0
       0.9          0          0          0
      0.91          0          0          0
      0.92          0          0          0
      0.93          0          0          0
      0.94          0          0          0
      0.95          0          0          0
      0.96          0          0          0
      0.97          0          0          0
      0.98          0          0          0
      0.99          0          0          0
