         0          1   0.164811   0.282983
      0.01   0.999905    0.15822   0.273209
      0.02   0.999905   0.159684   0.275389
      0.03   0.999905   0.161414   0.277958
      0.04   0.999905   0.164105   0.281937
      0.05   0.999619   0.166274   0.285122
      0.06   0.997142   0.170308   0.290926
      0.07   0.995713   0.175733   0.298741
      0.08   0.991236   0.186573   0.314036
      0.09   0.987044   0.194653   0.325178
       0.1    0.97304   0.206169   0.340247
      0.11   0.942936   0.219885   0.356611
      0.12   0.918834   0.229602   0.367397
      0.13   0.871773   0.242905   0.379945
      0.14   0.834905   0.250069   0.384864
      0.15   0.771649   0.260075   0.389032
      0.16   0.722587   0.268903   0.391947
      0.17   0.655235    0.27878   0.391143
      0.18   0.593503   0.280324   0.380792
      0.19   0.536439   0.279863   0.367829
       0.2   0.493379   0.271115   0.349937
      0.21   0.445461   0.256868   0.325844
      0.22    0.36639   0.235718   0.286875
      0.23   0.329999   0.221311   0.264942
      0.24   0.279032   0.206408   0.237288
      0.25   0.257121   0.192683   0.220286
      0.26   0.198819   0.163227   0.179273
      0.27   0.157474   0.146022   0.151532
      0.28   0.122321   0.122886   0.122603
      0.29  0.0885967   0.113415  0.0994812
       0.3  0.0772602    0.10452  0.0888461
      0.31  0.0687816   0.102215  0.0822297
      0.32  0.0519196   0.103113   0.069064
      0.33  0.0389635   0.103825  0.0566627
      0.34  0.0350576  0.0890411  0.0503079
      0.35  0.0231495  0.0904255   0.036862
      0.36  0.0152425  0.0935252  0.0262128
      0.37  0.0114318  0.0568182   0.019034
      0.38  0.0100029  0.0701754  0.0175098
      0.39  0.0100029  0.0952381  0.0181042
       0.4 0.000285796  0.0384615 0.000567376
      0.41          0          0          0
      0.42          0          0          0
      0.43          0          0          0
      0.44          0          0          0
      0.45          0          0          0
      0.46          0          0          0
      0.47          0          0          0
      0.48          0          0          0
      0.49          0          0          0
       0.5          0          0          0
      0.51          0          0          0
      0.52          0          0          0
      0.53          0          0          0
      0.54          0          0          0
      0.55          0          0          0
      0.56          0          0          0
      0.57          0          0          0
      0.58          0          0          0
      0.59          0          0          0
       0.6          0          0          0
      0.61          0          0          0
      0.62          0          0          0
      0.63          0          0          0
      0.64          0          0          0
      0.65          0          0          0
      0.66          0          0          0
      0.67          0          0          0
      0.68          0          0          0
      0.69          0          0          0
       0.7          0          0          0
      0.71          0          0          0
      0.72          0          0          0
      0.73          0          0          0
      0.74          0          0          0
      0.75          0          0          0
      0.76          0          0          0
      0.77          0          0          0
      0.78          0          0          0
      0.79          0          0          0
       0.8          0          0          0
      0.81          0          0          0
      0.82          0          0          0
      0.83          0          0          0
      0.84          0          0          0
      0.85          0          0          0
      0.86          0          0          0
      0.87          0          0          0
      0.88          0          0          0
      0.89          0          0          0
       0.9          0          0          0
      0.91          0          0          0
      0.92          0          0          0
      0.93          0          0          0
      0.94          0          0          0
      0.95          0          0          0
      0.96          0          0          0
      0.97          0          0          0
      0.98          0          0          0
      0.99          0          0          0
