         0          1   0.317058   0.481463
      0.01   0.993441    0.31084   0.473519
      0.02   0.993343   0.311521   0.474298
      0.03   0.993196   0.312748   0.475702
      0.04   0.991287   0.316615   0.479939
      0.05   0.990748    0.32115   0.485066
      0.06   0.988888   0.329168   0.493924
      0.07   0.986832   0.334253   0.499365
      0.08   0.979049   0.341483   0.506355
      0.09   0.972539   0.347238   0.511757
       0.1   0.954281   0.355156   0.517656
      0.11   0.937344   0.363926   0.524294
      0.12   0.923002   0.370534   0.528788
      0.13    0.89789   0.379401   0.533411
      0.14    0.87924   0.383993   0.534537
      0.15     0.8555   0.391966   0.537613
      0.16   0.835968   0.393542   0.535154
      0.17    0.80092   0.399099   0.532735
      0.18   0.776054   0.402249   0.529858
      0.19   0.743355   0.409209   0.527845
       0.2    0.72495   0.415707   0.528409
      0.21   0.691664   0.423935   0.525674
      0.22   0.661462   0.434812   0.524708
      0.23   0.647805   0.443256   0.526356
      0.24   0.615302    0.45449   0.522809
      0.25   0.599001   0.461354   0.521243
      0.26   0.565079   0.475318   0.516326
      0.27   0.536933   0.481589   0.507758
      0.28   0.498458    0.49535   0.496899
      0.29   0.479465   0.505011   0.491907
       0.3   0.440159   0.514001   0.474223
      0.31    0.41304   0.534483   0.465979
      0.32    0.39346   0.539638   0.455099
      0.33   0.366293    0.54772      0.439
      0.34   0.350482   0.550691   0.428347
      0.35   0.312056   0.548625   0.397829
      0.36   0.289735   0.553664   0.380403
      0.37   0.252974   0.560911   0.348688
      0.38   0.226198   0.569882   0.323852
      0.39   0.198786   0.576484   0.295631
       0.4    0.17994    0.57572   0.274185
      0.41   0.163199   0.588502   0.255535
      0.42   0.141808   0.586837   0.228419
      0.43   0.121788   0.573913   0.200936
      0.44  0.0938861   0.572207   0.161306
      0.45  0.0808165   0.568627   0.141519
      0.46  0.0680405   0.567797   0.121519
      0.47  0.0580058    0.57672    0.10541
      0.48  0.0391111   0.606299   0.073482
      0.49  0.0356356   0.653465  0.0675856
       0.5  0.0288316   0.640625  0.0551797
      0.51  0.0185031        0.5  0.0356856
      0.52  0.0151745   0.590909  0.0295892
      0.53 0.00778305        0.5  0.0153275
      0.54  0.0023496       0.25 0.00465545
      0.55          0          0          0
      0.56          0          0          0
      0.57          0          0          0
      0.58          0          0          0
      0.59          0          0          0
       0.6          0          0          0
      0.61          0          0          0
      0.62          0          0          0
      0.63          0          0          0
      0.64          0          0          0
      0.65          0          0          0
      0.66          0          0          0
      0.67          0          0          0
      0.68          0          0          0
      0.69          0          0          0
       0.7          0          0          0
      0.71          0          0          0
      0.72          0          0          0
      0.73          0          0          0
      0.74          0          0          0
      0.75          0          0          0
      0.76          0          0          0
      0.77          0          0          0
      0.78          0          0          0
      0.79          0          0          0
       0.8          0          0          0
      0.81          0          0          0
      0.82          0          0          0
      0.83          0          0          0
      0.84          0          0          0
      0.85          0          0          0
      0.86          0          0          0
      0.87          0          0          0
      0.88          0          0          0
      0.89          0          0          0
       0.9          0          0          0
      0.91          0          0          0
      0.92          0          0          0
      0.93          0          0          0
      0.94          0          0          0
      0.95          0          0          0
      0.96          0          0          0
      0.97          0          0          0
      0.98          0          0          0
      0.99          0          0          0
