         0          1    0.28722   0.446264
      0.01   0.999285   0.292339   0.452345
      0.02   0.999132   0.296414   0.457192
      0.03   0.998571   0.303669   0.465713
      0.04   0.996886   0.316728   0.480722
      0.05   0.988718    0.32464   0.488789
      0.06   0.978866   0.336202   0.500501
      0.07    0.96692   0.343862   0.507311
      0.08   0.947317   0.354092   0.515499
      0.09    0.93675    0.35984   0.519949
       0.1   0.915361   0.366649   0.523578
      0.11    0.90316   0.373283    0.52824
      0.12   0.889428   0.375564   0.528126
      0.13   0.859768   0.380522   0.527555
      0.14   0.843841   0.388937   0.532458
      0.15   0.815458   0.392663    0.53008
      0.16   0.801828    0.39405   0.528416
      0.17   0.770534   0.395719   0.522897
      0.18   0.749809   0.394115   0.516661
      0.19   0.716627   0.395258     0.5095
       0.2   0.696309   0.396665   0.505413
      0.21   0.665476   0.399837   0.499537
      0.22   0.622288    0.39909   0.486301
      0.23   0.581959   0.399344    0.47366
      0.24    0.53918   0.399815   0.459156
      0.25   0.502731   0.397085   0.443706
      0.26   0.458727   0.400907   0.427872
      0.27   0.422533   0.402484   0.412265
      0.28   0.362806   0.403947   0.382272
      0.29    0.33381   0.409906   0.367965
       0.3   0.298178   0.428344     0.3516
      0.31   0.256777   0.437377   0.323583
      0.32   0.232324   0.448078   0.305994
      0.33   0.195467   0.469784   0.276068
      0.34   0.173516   0.485762   0.255696
      0.35   0.147225   0.510941   0.228585
      0.36   0.139823   0.538158   0.221974
      0.37   0.127418   0.584087     0.2092
      0.38   0.113176   0.617433   0.191288
      0.39  0.0831589   0.632812      0.147
       0.4  0.0647813   0.710526   0.118737
      0.41  0.0441064   0.836066  0.0837923
      0.42  0.0230231          1    0.04501
      0.43  0.0109755          1  0.0217128
      0.44          0          0          0
      0.45          0          0          0
      0.46          0          0          0
      0.47          0          0          0
      0.48          0          0          0
      0.49          0          0          0
       0.5          0          0          0
      0.51          0          0          0
      0.52          0          0          0
      0.53          0          0          0
      0.54          0          0          0
      0.55          0          0          0
      0.56          0          0          0
      0.57          0          0          0
      0.58          0          0          0
      0.59          0          0          0
       0.6          0          0          0
      0.61          0          0          0
      0.62          0          0          0
      0.63          0          0          0
      0.64          0          0          0
      0.65          0          0          0
      0.66          0          0          0
      0.67          0          0          0
      0.68          0          0          0
      0.69          0          0          0
       0.7          0          0          0
      0.71          0          0          0
      0.72          0          0          0
      0.73          0          0          0
      0.74          0          0          0
      0.75          0          0          0
      0.76          0          0          0
      0.77          0          0          0
      0.78          0          0          0
      0.79          0          0          0
       0.8          0          0          0
      0.81          0          0          0
      0.82          0          0          0
      0.83          0          0          0
      0.84          0          0          0
      0.85          0          0          0
      0.86          0          0          0
      0.87          0          0          0
      0.88          0          0          0
      0.89          0          0          0
       0.9          0          0          0
      0.91          0          0          0
      0.92          0          0          0
      0.93          0          0          0
      0.94          0          0          0
      0.95          0          0          0
      0.96          0          0          0
      0.97          0          0          0
      0.98          0          0          0
      0.99          0          0          0
