         0          1   0.273534   0.429567
      0.01   0.999613   0.301083   0.462778
      0.02   0.999564   0.303837   0.466018
      0.03   0.999564   0.307612   0.470446
      0.04   0.997967   0.320534   0.485221
      0.05   0.997386   0.331868   0.498024
      0.06   0.997047   0.348316   0.516273
      0.07   0.996514   0.359326   0.528194
      0.08   0.995449   0.375721   0.545536
      0.09   0.993465   0.387028   0.557046
       0.1   0.990754   0.401302   0.571229
      0.11   0.987171   0.412814   0.582175
      0.12    0.98446   0.420542   0.589333
      0.13   0.981169   0.429917   0.597867
      0.14   0.978312   0.437596   0.604708
      0.15   0.973181   0.445897   0.611578
      0.16   0.969115   0.450501   0.615078
      0.17   0.963983    0.45669   0.619764
      0.18   0.959287    0.46165   0.623328
      0.19   0.952074    0.46709   0.626713
       0.2   0.946314   0.468228   0.626479
      0.21    0.93121   0.467429   0.622426
      0.22   0.905795   0.465959   0.615363
      0.23   0.877281   0.462703   0.605859
      0.24   0.820642   0.458473   0.588285
      0.25   0.774362   0.458909   0.576292
      0.26   0.694002   0.458815   0.552418
      0.27   0.631457   0.458301   0.531122
      0.28   0.546256   0.463778   0.501649
      0.29   0.494941   0.468232   0.481216
       0.3   0.428039   0.484371   0.454466
      0.31   0.392603   0.510911   0.444011
      0.32   0.384519    0.52305   0.443212
      0.33    0.36651   0.542712   0.437538
      0.34   0.346517   0.555745   0.426872
      0.35   0.331026   0.585523   0.422941
      0.36   0.319746   0.612445   0.420144
      0.37   0.303432   0.652451   0.414223
      0.38   0.289974   0.685159    0.40749
      0.39   0.276129   0.712625   0.398029
       0.4    0.26698   0.734601   0.391628
      0.41   0.255071   0.762346   0.382247
      0.42   0.244614   0.773364    0.37167
      0.43   0.235029   0.784595   0.361707
      0.44   0.221087   0.782271   0.344743
      0.45   0.206806   0.770221   0.326064
      0.46   0.170886   0.742718   0.277845
      0.47   0.146052   0.730435    0.24343
      0.48    0.10229   0.681034   0.177865
      0.49  0.0795372   0.690476   0.142643
       0.5   0.046667   0.870968  0.0885874
      0.51  0.0386794   0.848485   0.073986
      0.52  0.0306434       0.84  0.0591297
      0.53  0.0143293   0.823529  0.0281684
      0.54 0.00576076        0.8  0.0114391
      0.55          0          0          0
      0.56          0          0          0
      0.57          0          0          0
      0.58          0          0          0
      0.59          0          0          0
       0.6          0          0          0
      0.61          0          0          0
      0.62          0          0          0
      0.63          0          0          0
      0.64          0          0          0
      0.65          0          0          0
      0.66          0          0          0
      0.67          0          0          0
      0.68          0          0          0
      0.69          0          0          0
       0.7          0          0          0
      0.71          0          0          0
      0.72          0          0          0
      0.73          0          0          0
      0.74          0          0          0
      0.75          0          0          0
      0.76          0          0          0
      0.77          0          0          0
      0.78          0          0          0
      0.79          0          0          0
       0.8          0          0          0
      0.81          0          0          0
      0.82          0          0          0
      0.83          0          0          0
      0.84          0          0          0
      0.85          0          0          0
      0.86          0          0          0
      0.87          0          0          0
      0.88          0          0          0
      0.89          0          0          0
       0.9          0          0          0
      0.91          0          0          0
      0.92          0          0          0
      0.93          0          0          0
      0.94          0          0          0
      0.95          0          0          0
      0.96          0          0          0
      0.97          0          0          0
      0.98          0          0          0
      0.99          0          0          0
