         0          1   0.279386    0.43675
      0.01   0.996569   0.287241   0.445946
      0.02   0.995547   0.304351   0.466183
      0.03   0.994503   0.313223   0.476402
      0.04   0.990953   0.324135   0.488488
      0.05   0.987303   0.330804   0.495564
      0.06    0.97949    0.34119   0.506091
      0.07   0.971587    0.34815   0.512614
      0.08   0.957894   0.359228   0.522506
      0.09   0.947332   0.367087   0.529136
       0.1   0.929128   0.379364   0.538754
      0.11   0.905921   0.392318   0.547525
      0.12   0.889428   0.400879   0.552664
      0.13   0.859707   0.413591   0.558498
      0.14   0.838109   0.421807    0.56118
      0.15   0.805022   0.434077   0.564025
      0.16   0.780924   0.442228   0.564682
      0.17   0.742419   0.453962   0.563416
      0.18   0.716623   0.461866   0.561709
      0.19   0.676142   0.472245   0.556092
       0.2   0.648149   0.479367   0.551125
      0.21   0.605376   0.488543   0.540721
      0.22   0.558813   0.497186   0.526202
      0.23   0.529209   0.503104   0.515826
      0.24   0.488525   0.512362   0.500159
      0.25   0.463025   0.518958   0.489398
      0.26   0.423181   0.530273   0.470713
      0.27   0.400072   0.538383   0.459035
      0.28   0.366654   0.549082   0.439697
      0.29     0.3459   0.554617   0.426071
       0.3   0.316999   0.564326   0.405959
      0.31   0.288889    0.57477   0.384514
      0.32   0.273028    0.58176    0.37164
      0.33   0.250745   0.591492    0.35219
      0.34   0.234642   0.597175   0.336907
      0.35   0.213073   0.608907   0.315681
      0.36   0.198827   0.614713   0.300469
      0.37   0.178089   0.623076   0.277004
      0.38   0.165119   0.628961    0.26157
      0.39   0.148264   0.638665    0.24066
       0.4   0.137405    0.64643   0.226636
      0.41    0.12336   0.655193   0.207627
      0.42   0.108685     0.6601    0.18664
      0.43    0.10026   0.659353   0.174053
      0.44  0.0863568    0.65119   0.152491
      0.45  0.0778096   0.641425   0.138784
      0.46   0.064341   0.618715   0.116561
      0.47  0.0541991   0.600073  0.0994185
      0.48  0.0393798   0.589289   0.073826
      0.49  0.0319269   0.612224  0.0606889
       0.5   0.021012       0.66  0.0407275
      0.51  0.0133964   0.619741   0.026226
      0.52 0.00953271    0.60339  0.0187689
      0.53 0.00527538    0.53373  0.0104475
      0.54 0.00247547    0.44507 0.00492356
      0.55 0.00110552   0.337607 0.00220383
      0.56 0.000687519   0.307692 0.00137197
      0.57 0.000178999   0.219697 0.000357706
      0.58 0.000161709   0.176471 0.000323122
      0.59 5.28861e-05  0.0714286 0.000105694
       0.6 1.11874e-05  0.0235294 2.23642e-05
      0.61          0          0          0
      0.62          0          0          0
      0.63          0          0          0
      0.64          0          0          0
      0.65          0          0          0
      0.66          0          0          0
      0.67          0          0          0
      0.68          0          0          0
      0.69          0          0          0
       0.7          0          0          0
      0.71          0          0          0
      0.72          0          0          0
      0.73          0          0          0
      0.74          0          0          0
      0.75          0          0          0
      0.76          0          0          0
      0.77          0          0          0
      0.78          0          0          0
      0.79          0          0          0
       0.8          0          0          0
      0.81          0          0          0
      0.82          0          0          0
      0.83          0          0          0
      0.84          0          0          0
      0.85          0          0          0
      0.86          0          0          0
      0.87          0          0          0
      0.88          0          0          0
      0.89          0          0          0
       0.9          0          0          0
      0.91          0          0          0
      0.92          0          0          0
      0.93          0          0          0
      0.94          0          0          0
      0.95          0          0          0
      0.96          0          0          0
      0.97          0          0          0
      0.98          0          0          0
      0.99          0          0          0
