    119082        0.2   0.865973   0.709041   0.779689
     58060          0          1   0.374026   0.544424
     42049       0.18   0.975906   0.801942   0.880412
     24077       0.11   0.921651   0.562656    0.69874
     78004       0.24   0.737587   0.626683   0.677627
     45096       0.11   0.775248   0.751182   0.763026
     38092        0.2   0.858822      0.625   0.723488
     43074       0.18   0.509958   0.485195   0.497268
     16077   0.187879   0.726633   0.462434   0.565182
     86000       0.11    0.95664   0.441448    0.60412
    101085       0.24   0.776474   0.633007   0.697439
     89072       0.14   0.843841   0.388937   0.532458
    126007       0.14   0.852389   0.590983   0.698015
     76053       0.13   0.737225   0.519118   0.609239
     86016          0          1   0.363236   0.532903
    103070       0.07   0.930213   0.387848   0.547443
      8023       0.15   0.872049   0.241885   0.378722
     41033       0.14   0.787866   0.446758    0.57019
    109053        0.1   0.893303   0.356195   0.509308
    130026       0.28   0.438281   0.419635   0.428755
    108082       0.11   0.859759   0.181335   0.299501
     69040          0          1   0.319512   0.484288
     14037       0.12   0.748958   0.598374   0.665251
     54082  0.0717172   0.925213   0.560066   0.697755
     62096       0.38   0.715006   0.710464   0.712728
     12084   0.166364   0.853809   0.331692   0.477775
     69015       0.15   0.766173   0.851808   0.806724
     97033       0.19   0.952074    0.46709   0.626713
     19021       0.16   0.842354   0.617088   0.712336
     86068   0.162222    0.70762   0.271098   0.392011
      3096  0.0474747   0.861877   0.541869   0.665398
     41069       0.23   0.565727   0.297098   0.389595
     21077       0.14   0.950377   0.506981   0.661228
    108070          0          1   0.230724    0.37494
    123074   0.204848   0.409717   0.315791   0.356674
     38082       0.13   0.848472    0.48042   0.613478
     33039          0          1   0.331079    0.49746
    108005       0.13   0.890935   0.327598   0.479048
    106024       0.17   0.537892    0.47848    0.50645
    102061       0.16   0.828602   0.364706   0.506485
     37073       0.09   0.968071   0.793745   0.872283
     65033       0.17   0.809046   0.522087   0.634636
     55073       0.18   0.809065   0.481959   0.604073
     66053    0.16404   0.713908    0.46429   0.562656
     85048       0.21   0.802938   0.546562   0.650397
     42012       0.09    0.87528   0.469418     0.6111
     87046       0.15     0.8555   0.391966   0.537613
    105025   0.194848   0.726235   0.403386   0.518675
    101087   0.144545   0.883534   0.626017    0.73281
     69020       0.16   0.790987   0.453507   0.576489
